Rank: 4
     1    -1     0     0     0    -3
    -1     2    -1     0     0     0
     0    -1     2    -1     0     2
     0     0    -1     2    -1     0
     0     0     0    -1     1     1
    -3     0     2     0     1    20

Rank: 4
     1    -1     0     0     0    -3
    -1     2    -1     0     0     0
     0    -1     2    -1     0     4
     0     0    -1     2    -1     0
     0     0     0    -1     1    -1
    -3     0     4     0    -1    20

Rank: 4
     1    -1     0     0     0    -2
    -1     2    -1     0     0     0
     0    -1     2    -1     0     1
     0     0    -1     2    -1     0
     0     0     0    -1     1     1
    -2     0     1     0     1    10

Rank: 4
     1    -1     0     0     0    -2
    -1     2    -1     0     0     0
     0    -1     2    -1     0     3
     0     0    -1     2    -1     0
     0     0     0    -1     1    -1
    -2     0     3     0    -1    10

Rank: 4
     1    -1     0     0     0    -2
    -1     2    -1     0     0     0
     0    -1     2    -1     0     4
     0     0    -1     2    -1     0
     0     0     0    -1     1    -2
    -2     0     4     0    -2    16

Rank: 4
     1    -1     0     0     0    -1
    -1     2    -1     0     0     0
     0    -1     2    -1     0    -2
     0     0    -1     2    -1     0
     0     0     0    -1     1     3
    -1     0    -2     0     3    20

Rank: 4
     1    -1     0     0     0    -1
    -1     2    -1     0     0     0
     0    -1     2    -1     0    -1
     0     0    -1     2    -1     0
     0     0     0    -1     1     2
    -1     0    -1     0     2    10

Rank: 4
     1    -1     0     0     0    -1
    -1     2    -1     0     0     0
     0    -1     2    -1     0     2
     0     0    -1     2    -1     0
     0     0     0    -1     1    -1
    -1     0     2     0    -1     4

Rank: 4
     1    -1     0     0     0    -1
    -1     2    -1     0     0     0
     0    -1     2    -1     0     3
     0     0    -1     2    -1     0
     0     0     0    -1     1    -2
    -1     0     3     0    -2    10

Rank: 4
     1    -1     0     0     0    -1
    -1     2    -1     0     0     0
     0    -1     2    -1     0     4
     0     0    -1     2    -1     0
     0     0     0    -1     1    -3
    -1     0     4     0    -3    20

Rank: 4
     1    -1     0     0     0     1
    -1     2    -1     0     0     0
     0    -1     2    -1     0    -4
     0     0    -1     2    -1     0
     0     0     0    -1     1     3
     1     0    -4     0     3    20

Rank: 4
     1    -1     0     0     0     1
    -1     2    -1     0     0     0
     0    -1     2    -1     0    -3
     0     0    -1     2    -1     0
     0     0     0    -1     1     2
     1     0    -3     0     2    10

Rank: 4
     1    -1     0     0     0     1
    -1     2    -1     0     0     0
     0    -1     2    -1     0    -2
     0     0    -1     2    -1     0
     0     0     0    -1     1     1
     1     0    -2     0     1     4

Rank: 4
     1    -1     0     0     0     1
    -1     2    -1     0     0     0
     0    -1     2    -1     0     1
     0     0    -1     2    -1     0
     0     0     0    -1     1    -2
     1     0     1     0    -2    10

Rank: 4
     1    -1     0     0     0     1
    -1     2    -1     0     0     0
     0    -1     2    -1     0     2
     0     0    -1     2    -1     0
     0     0     0    -1     1    -3
     1     0     2     0    -3    20

Rank: 4
     1    -1     0     0     0     2
    -1     2    -1     0     0     0
     0    -1     2    -1     0    -4
     0     0    -1     2    -1     0
     0     0     0    -1     1     2
     2     0    -4     0     2    16

Rank: 4
     1    -1     0     0     0     2
    -1     2    -1     0     0     0
     0    -1     2    -1     0    -3
     0     0    -1     2    -1     0
     0     0     0    -1     1     1
     2     0    -3     0     1    10

Rank: 4
     1    -1     0     0     0     2
    -1     2    -1     0     0     0
     0    -1     2    -1     0    -1
     0     0    -1     2    -1     0
     0     0     0    -1     1    -1
     2     0    -1     0    -1    10

Rank: 4
     1    -1     0     0     0     3
    -1     2    -1     0     0     0
     0    -1     2    -1     0    -4
     0     0    -1     2    -1     0
     0     0     0    -1     1     1
     3     0    -4     0     1    20

Rank: 4
     1    -1     0     0     0     3
    -1     2    -1     0     0     0
     0    -1     2    -1     0    -2
     0     0    -1     2    -1     0
     0     0     0    -1     1    -1
     3     0    -2     0    -1    20

