Rank: 4
     1    -1     0     0     0    -4
    -1     2    -1     0     0     0
     0    -1     2    -1     0     2
     0     0    -1     2    -1     0
     0     0     0    -1     1     2
    -4     0     2     0     2    40

Rank: 4
     1    -1     0     0     0    -4
    -1     2    -1     0     0     0
     0    -1     2    -1     0     3
     0     0    -1     2    -1     0
     0     0     0    -1     1     1
    -4     0     3     0     1    34

Rank: 4
     1    -1     0     0     0    -4
    -1     2    -1     0     0     0
     0    -1     2    -1     0     5
     0     0    -1     2    -1     0
     0     0     0    -1     1    -1
    -4     0     5     0    -1    34

Rank: 4
     1    -1     0     0     0    -4
    -1     2    -1     0     0     0
     0    -1     2    -1     0     6
     0     0    -1     2    -1     0
     0     0     0    -1     1    -2
    -4     0     6     0    -2    40

Rank: 4
     1    -1     0     0     0    -3
    -1     2    -1     0     0     0
     0    -1     2    -1     0     1
     0     0    -1     2    -1     0
     0     0     0    -1     1     2
    -3     0     1     0     2    26

Rank: 4
     1    -1     0     0     0    -3
    -1     2    -1     0     0     0
     0    -1     2    -1     0     2
     0     0    -1     2    -1     0
     0     0     0    -1     1     1
    -3     0     2     0     1    20

Rank: 4
     1    -1     0     0     0    -3
    -1     2    -1     0     0     0
     0    -1     2    -1     0     4
     0     0    -1     2    -1     0
     0     0     0    -1     1    -1
    -3     0     4     0    -1    20

Rank: 4
     1    -1     0     0     0    -3
    -1     2    -1     0     0     0
     0    -1     2    -1     0     5
     0     0    -1     2    -1     0
     0     0     0    -1     1    -2
    -3     0     5     0    -2    26

Rank: 4
     1    -1     0     0     0    -3
    -1     2    -1     0     0     0
     0    -1     2    -1     0     6
     0     0    -1     2    -1     0
     0     0     0    -1     1    -3
    -3     0     6     0    -3    36

Rank: 4
     1    -1     0     0     0    -2
    -1     2    -1     0     0     0
     0    -1     2    -1     0    -2
     0     0    -1     2    -1     0
     0     0     0    -1     1     4
    -2     0    -2     0     4    40

Rank: 4
     1    -1     0     0     0    -2
    -1     2    -1     0     0     0
     0    -1     2    -1     0    -1
     0     0    -1     2    -1     0
     0     0     0    -1     1     3
    -2     0    -1     0     3    26

Rank: 4
     1    -1     0     0     0    -2
    -1     2    -1     0     0     0
     0    -1     2    -1     0     1
     0     0    -1     2    -1     0
     0     0     0    -1     1     1
    -2     0     1     0     1    10

Rank: 4
     1    -1     0     0     0    -2
    -1     2    -1     0     0     0
     0    -1     2    -1     0     3
     0     0    -1     2    -1     0
     0     0     0    -1     1    -1
    -2     0     3     0    -1    10

Rank: 4
     1    -1     0     0     0    -2
    -1     2    -1     0     0     0
     0    -1     2    -1     0     4
     0     0    -1     2    -1     0
     0     0     0    -1     1    -2
    -2     0     4     0    -2    16

Rank: 4
     1    -1     0     0     0    -2
    -1     2    -1     0     0     0
     0    -1     2    -1     0     5
     0     0    -1     2    -1     0
     0     0     0    -1     1    -3
    -2     0     5     0    -3    26

Rank: 4
     1    -1     0     0     0    -2
    -1     2    -1     0     0     0
     0    -1     2    -1     0     6
     0     0    -1     2    -1     0
     0     0     0    -1     1    -4
    -2     0     6     0    -4    40

Rank: 4
     1    -1     0     0     0    -1
    -1     2    -1     0     0     0
     0    -1     2    -1     0    -3
     0     0    -1     2    -1     0
     0     0     0    -1     1     4
    -1     0    -3     0     4    34

Rank: 4
     1    -1     0     0     0    -1
    -1     2    -1     0     0     0
     0    -1     2    -1     0    -2
     0     0    -1     2    -1     0
     0     0     0    -1     1     3
    -1     0    -2     0     3    20

Rank: 4
     1    -1     0     0     0    -1
    -1     2    -1     0     0     0
     0    -1     2    -1     0    -1
     0     0    -1     2    -1     0
     0     0     0    -1     1     2
    -1     0    -1     0     2    10

Rank: 4
     1    -1     0     0     0    -1
    -1     2    -1     0     0     0
     0    -1     2    -1     0     2
     0     0    -1     2    -1     0
     0     0     0    -1     1    -1
    -1     0     2     0    -1     4

Rank: 4
     1    -1     0     0     0    -1
    -1     2    -1     0     0     0
     0    -1     2    -1     0     3
     0     0    -1     2    -1     0
     0     0     0    -1     1    -2
    -1     0     3     0    -2    10

Rank: 4
     1    -1     0     0     0    -1
    -1     2    -1     0     0     0
     0    -1     2    -1     0     4
     0     0    -1     2    -1     0
     0     0     0    -1     1    -3
    -1     0     4     0    -3    20

Rank: 4
     1    -1     0     0     0    -1
    -1     2    -1     0     0     0
     0    -1     2    -1     0     5
     0     0    -1     2    -1     0
     0     0     0    -1     1    -4
    -1     0     5     0    -4    34

Rank: 4
     1    -1     0     0     0     1
    -1     2    -1     0     0     0
     0    -1     2    -1     0    -5
     0     0    -1     2    -1     0
     0     0     0    -1     1     4
     1     0    -5     0     4    34

Rank: 4
     1    -1     0     0     0     1
    -1     2    -1     0     0     0
     0    -1     2    -1     0    -4
     0     0    -1     2    -1     0
     0     0     0    -1     1     3
     1     0    -4     0     3    20

Rank: 4
     1    -1     0     0     0     1
    -1     2    -1     0     0     0
     0    -1     2    -1     0    -3
     0     0    -1     2    -1     0
     0     0     0    -1     1     2
     1     0    -3     0     2    10

Rank: 4
     1    -1     0     0     0     1
    -1     2    -1     0     0     0
     0    -1     2    -1     0    -2
     0     0    -1     2    -1     0
     0     0     0    -1     1     1
     1     0    -2     0     1     4

Rank: 4
     1    -1     0     0     0     1
    -1     2    -1     0     0     0
     0    -1     2    -1     0     1
     0     0    -1     2    -1     0
     0     0     0    -1     1    -2
     1     0     1     0    -2    10

Rank: 4
     1    -1     0     0     0     1
    -1     2    -1     0     0     0
     0    -1     2    -1     0     2
     0     0    -1     2    -1     0
     0     0     0    -1     1    -3
     1     0     2     0    -3    20

Rank: 4
     1    -1     0     0     0     1
    -1     2    -1     0     0     0
     0    -1     2    -1     0     3
     0     0    -1     2    -1     0
     0     0     0    -1     1    -4
     1     0     3     0    -4    34

Rank: 4
     1    -1     0     0     0     2
    -1     2    -1     0     0     0
     0    -1     2    -1     0    -6
     0     0    -1     2    -1     0
     0     0     0    -1     1     4
     2     0    -6     0     4    40

Rank: 4
     1    -1     0     0     0     2
    -1     2    -1     0     0     0
     0    -1     2    -1     0    -5
     0     0    -1     2    -1     0
     0     0     0    -1     1     3
     2     0    -5     0     3    26

Rank: 4
     1    -1     0     0     0     2
    -1     2    -1     0     0     0
     0    -1     2    -1     0    -4
     0     0    -1     2    -1     0
     0     0     0    -1     1     2
     2     0    -4     0     2    16

Rank: 4
     1    -1     0     0     0     2
    -1     2    -1     0     0     0
     0    -1     2    -1     0    -3
     0     0    -1     2    -1     0
     0     0     0    -1     1     1
     2     0    -3     0     1    10

Rank: 4
     1    -1     0     0     0     2
    -1     2    -1     0     0     0
     0    -1     2    -1     0    -1
     0     0    -1     2    -1     0
     0     0     0    -1     1    -1
     2     0    -1     0    -1    10

Rank: 4
     1    -1     0     0     0     2
    -1     2    -1     0     0     0
     0    -1     2    -1     0     1
     0     0    -1     2    -1     0
     0     0     0    -1     1    -3
     2     0     1     0    -3    26

Rank: 4
     1    -1     0     0     0     2
    -1     2    -1     0     0     0
     0    -1     2    -1     0     2
     0     0    -1     2    -1     0
     0     0     0    -1     1    -4
     2     0     2     0    -4    40

Rank: 4
     1    -1     0     0     0     3
    -1     2    -1     0     0     0
     0    -1     2    -1     0    -6
     0     0    -1     2    -1     0
     0     0     0    -1     1     3
     3     0    -6     0     3    36

Rank: 4
     1    -1     0     0     0     3
    -1     2    -1     0     0     0
     0    -1     2    -1     0    -5
     0     0    -1     2    -1     0
     0     0     0    -1     1     2
     3     0    -5     0     2    26

Rank: 4
     1    -1     0     0     0     3
    -1     2    -1     0     0     0
     0    -1     2    -1     0    -4
     0     0    -1     2    -1     0
     0     0     0    -1     1     1
     3     0    -4     0     1    20

Rank: 4
     1    -1     0     0     0     3
    -1     2    -1     0     0     0
     0    -1     2    -1     0    -2
     0     0    -1     2    -1     0
     0     0     0    -1     1    -1
     3     0    -2     0    -1    20

Rank: 4
     1    -1     0     0     0     3
    -1     2    -1     0     0     0
     0    -1     2    -1     0    -1
     0     0    -1     2    -1     0
     0     0     0    -1     1    -2
     3     0    -1     0    -2    26

Rank: 4
     1    -1     0     0     0     4
    -1     2    -1     0     0     0
     0    -1     2    -1     0    -6
     0     0    -1     2    -1     0
     0     0     0    -1     1     2
     4     0    -6     0     2    40

Rank: 4
     1    -1     0     0     0     4
    -1     2    -1     0     0     0
     0    -1     2    -1     0    -5
     0     0    -1     2    -1     0
     0     0     0    -1     1     1
     4     0    -5     0     1    34

Rank: 4
     1    -1     0     0     0     4
    -1     2    -1     0     0     0
     0    -1     2    -1     0    -3
     0     0    -1     2    -1     0
     0     0     0    -1     1    -1
     4     0    -3     0    -1    34

Rank: 4
     1    -1     0     0     0     4
    -1     2    -1     0     0     0
     0    -1     2    -1     0    -2
     0     0    -1     2    -1     0
     0     0     0    -1     1    -2
     4     0    -2     0    -2    40

