Adjacency list:
     1     2     3     4     5     1     2     3     4     5
     2     3     4     5     1     1     2     3     4     5

Field size: 5

Rank: 3
     1    -3     0     0    -5
    -3     4    -5     0     0
     0    -5     4    -3     0
     0     0    -3     1    -5
    -5     0     0    -5     5

Rank: 3
     4    -3     0     0    -5
    -3     1    -5     0     0
     0    -5     5    -5     0
     0     0    -5     1    -3
    -5     0     0    -3     4

Rank: 3
     2    -4     0     0    -5
    -4     3    -5     0     0
     0    -5     3    -4     0
     0     0    -4     2    -5
    -5     0     0    -5     5

Rank: 3
     3    -4     0     0    -5
    -4     2    -5     0     0
     0    -5     5    -5     0
     0     0    -5     2    -4
    -5     0     0    -4     3

Rank: 3
     5    -5     0     0    -5
    -5     1    -3     0     0
     0    -3     4    -5     0
     0     0    -5     4    -3
    -5     0     0    -3     1

Rank: 3
     4    -5     0     0    -3
    -5     4    -3     0     0
     0    -3     1    -5     0
     0     0    -5     5    -5
    -3     0     0    -5     1

Rank: 3
     5    -5     0     0    -5
    -5     2    -4     0     0
     0    -4     3    -5     0
     0     0    -5     3    -4
    -5     0     0    -4     2

Rank: 3
     3    -5     0     0    -4
    -5     3    -4     0     0
     0    -4     2    -5     0
     0     0    -5     5    -5
    -4     0     0    -5     2

Rank: 3
     1    -5     0     0    -3
    -5     5    -5     0     0
     0    -5     1    -3     0
     0     0    -3     4    -5
    -3     0     0    -5     4

Rank: 3
     2    -5     0     0    -4
    -5     5    -5     0     0
     0    -5     2    -4     0
     0     0    -4     3    -5
    -4     0     0    -5     3

