Rank: 4
     1    -1     0     0     0    -5
    -1     2    -1     0     0     0
     0    -1     2    -1     0     0
     0     0    -1     2    -1     0
     0     0     0    -1     1     5
    -5     0     0     0     5   100

Rank: 4
     1    -1     0     0     0    -4
    -1     2    -1     0     0     0
     0    -1     2    -1     0     0
     0     0    -1     2    -1     0
     0     0     0    -1     1     4
    -4     0     0     0     4    64

Rank: 4
     1    -1     0     0     0    -3
    -1     2    -1     0     0     0
     0    -1     2    -1     0     0
     0     0    -1     2    -1     0
     0     0     0    -1     1     3
    -3     0     0     0     3    36

Rank: 4
     1    -1     0     0     0    -2
    -1     2    -1     0     0     0
     0    -1     2    -1     0     0
     0     0    -1     2    -1     0
     0     0     0    -1     1     2
    -2     0     0     0     2    16

Rank: 4
     1    -1     0     0     0    -1
    -1     2    -1     0     0     0
     0    -1     2    -1     0     0
     0     0    -1     2    -1     0
     0     0     0    -1     1     1
    -1     0     0     0     1     4

Rank: 4
     1    -1     0     0     0     1
    -1     2    -1     0     0     0
     0    -1     2    -1     0     0
     0     0    -1     2    -1     0
     0     0     0    -1     1    -1
     1     0     0     0    -1     4

Rank: 4
     1    -1     0     0     0     2
    -1     2    -1     0     0     0
     0    -1     2    -1     0     0
     0     0    -1     2    -1     0
     0     0     0    -1     1    -2
     2     0     0     0    -2    16

Rank: 4
     1    -1     0     0     0     3
    -1     2    -1     0     0     0
     0    -1     2    -1     0     0
     0     0    -1     2    -1     0
     0     0     0    -1     1    -3
     3     0     0     0    -3    36

Rank: 4
     1    -1     0     0     0     4
    -1     2    -1     0     0     0
     0    -1     2    -1     0     0
     0     0    -1     2    -1     0
     0     0     0    -1     1    -4
     4     0     0     0    -4    64

Rank: 4
     1    -1     0     0     0     5
    -1     2    -1     0     0     0
     0    -1     2    -1     0     0
     0     0    -1     2    -1     0
     0     0     0    -1     1    -5
     5     0     0     0    -5   100

Lngth: 10
