Rank: 7
     1    -1     0     0     0     0     0     0    -2
    -1     2    -1     0     0     0     0     0     0
     0    -1     2    -1     0     0     0     0     0
     0     0    -1     2    -1     0     0     0     0
     0     0     0    -1     2    -1     0     0     0
     0     0     0     0    -1     2    -1     0     0
     0     0     0     0     0    -1     2    -1     0
     0     0     0     0     0     0    -1     1     2
    -2     0     0     0     0     0     0     2    28

Rank: 7
     1    -1     0     0     0     0     0     0    -1
    -1     2    -1     0     0     0     0     0     0
     0    -1     2    -1     0     0     0     0     0
     0     0    -1     2    -1     0     0     0     0
     0     0     0    -1     2    -1     0     0     0
     0     0     0     0    -1     2    -1     0     0
     0     0     0     0     0    -1     2    -1     0
     0     0     0     0     0     0    -1     1     1
    -1     0     0     0     0     0     0     1     7

Rank: 7
     1    -1     0     0     0     0     0     0     1
    -1     2    -1     0     0     0     0     0     0
     0    -1     2    -1     0     0     0     0     0
     0     0    -1     2    -1     0     0     0     0
     0     0     0    -1     2    -1     0     0     0
     0     0     0     0    -1     2    -1     0     0
     0     0     0     0     0    -1     2    -1     0
     0     0     0     0     0     0    -1     1    -1
     1     0     0     0     0     0     0    -1     7

Rank: 7
     1    -1     0     0     0     0     0     0     2
    -1     2    -1     0     0     0     0     0     0
     0    -1     2    -1     0     0     0     0     0
     0     0    -1     2    -1     0     0     0     0
     0     0     0    -1     2    -1     0     0     0
     0     0     0     0    -1     2    -1     0     0
     0     0     0     0     0    -1     2    -1     0
     0     0     0     0     0     0    -1     1    -2
     2     0     0     0     0     0     0    -2    28

Lngth: 4
