Rank: 4
     1    -1     0     0     0    -1
    -1     2    -1     0     0     0
     0    -1     2    -1     0     0
     0     0    -1     2    -1     0
     0     0     0    -1     1     1
    -1     0     0     0     1     4

Rank: 4
     1    -1     0     0     0     1
    -1     2    -1     0     0     0
     0    -1     2    -1     0     0
     0     0    -1     2    -1     0
     0     0     0    -1     1    -1
     1     0     0     0    -1     4

Rank: 4
     1    -1     0     0     0    -1
    -1     2    -1     0     0     0
     0    -1     2    -1     0     0
     0     0    -1     2    -1     0
     0     0     0    -1     1     1
    -1     0     0     0     1     4

Rank: 4
     1    -1     0     0     0     1
    -1     2    -1     0     0     0
     0    -1     2    -1     0     0
     0     0    -1     2    -1     0
     0     0     0    -1     1    -1
     1     0     0     0    -1     4

Rank: 4
     1    -1     0     0     0    -1
    -1     2    -1     0     0     0
     0    -1     2    -1     0     0
     0     0    -1     2    -1     0
     0     0     0    -1     1     1
    -1     0     0     0     1     4

Rank: 4
     1    -1     0     0     0     1
    -1     2    -1     0     0     0
     0    -1     2    -1     0     0
     0     0    -1     2    -1     0
     0     0     0    -1     1    -1
     1     0     0     0    -1     4

Rank: 4
     1    -1     0     0     0    -1
    -1     2    -1     0     0     0
     0    -1     2    -1     0     0
     0     0    -1     2    -1     0
     0     0     0    -1     1     1
    -1     0     0     0     1     4

Rank: 4
     1    -1     0     0     0     1
    -1     2    -1     0     0     0
     0    -1     2    -1     0     0
     0     0    -1     2    -1     0
     0     0     0    -1     1    -1
     1     0     0     0    -1     4

Rank: 4
     1    -1     0     0     0    -1
    -1     2    -1     0     0     0
     0    -1     2    -1     0     0
     0     0    -1     2    -1     0
     0     0     0    -1     1     1
    -1     0     0     0     1     4

Rank: 4
     1    -1     0     0     0     1
    -1     2    -1     0     0     0
     0    -1     2    -1     0     0
     0     0    -1     2    -1     0
     0     0     0    -1     1    -1
     1     0     0     0    -1     4

Rank: 4
     1    -1     0     0     0    -1
    -1     2    -1     0     0     0
     0    -1     2    -1     0     0
     0     0    -1     2    -1     0
     0     0     0    -1     1     1
    -1     0     0     0     1     4

Rank: 4
     1    -1     0     0     0     1
    -1     2    -1     0     0     0
     0    -1     2    -1     0     0
     0     0    -1     2    -1     0
     0     0     0    -1     1    -1
     1     0     0     0    -1     4

Rank: 4
     1    -1     0     0     0    -1
    -1     2    -1     0     0     0
     0    -1     2    -1     0     0
     0     0    -1     2    -1     0
     0     0     0    -1     1     1
    -1     0     0     0     1     4

Rank: 4
     1    -1     0     0     0     1
    -1     2    -1     0     0     0
     0    -1     2    -1     0     0
     0     0    -1     2    -1     0
     0     0     0    -1     1    -1
     1     0     0     0    -1     4

Lngth: 2
