Adjacency list:
     1     2     3     4     1     2     3     4     5
     2     3     4     5     1     2     3     4     5

Field size: 3


(:,:,1) =

     1    -1     0     0     0
    -1     1    -1     0     0
     0    -1     1    -1     0
     0     0    -1     1    -1
     0     0     0    -1     1


(:,:,2) =

     1    -1     0     0     0
    -1     1    -1     0     0
     0    -1     2    -1     0
     0     0    -1     1    -1
     0     0     0    -1     1


(:,:,3) =

     1    -1     0     0     0
    -1     1    -1     0     0
     0    -1     3    -1     0
     0     0    -1     1    -1
     0     0     0    -1     1


(:,:,4) =

     1    -1     0     0     0
    -1     2    -1     0     0
     0    -1     2    -1     0
     0     0    -1     2    -1
     0     0     0    -1     1


(:,:,5) =

     1    -1     0     0     0
    -1     2    -1     0     0
     0    -1     3    -1     0
     0     0    -1     1    -1
     0     0     0    -1     2


(:,:,6) =

     1    -1     0     0     0
    -1     3    -1     0     0
     0    -1     1    -1     0
     0     0    -1     3    -1
     0     0     0    -1     1


(:,:,7) =

     1    -1     0     0     0
    -1     3    -1     0     0
     0    -1     2    -1     0
     0     0    -1     1    -1
     0     0     0    -1     3


(:,:,8) =

     2    -1     0     0     0
    -1     1    -1     0     0
     0    -1     3    -1     0
     0     0    -1     2    -1
     0     0     0    -1     1


(:,:,9) =

     2    -1     0     0     0
    -1     3    -1     0     0
     0    -1     1    -1     0
     0     0    -1     2    -1
     0     0     0    -1     3


(:,:,10) =

     3    -1     0     0     0
    -1     1    -1     0     0
     0    -1     2    -1     0
     0     0    -1     3    -1
     0     0     0    -1     1


(:,:,11) =

     3    -1     0     0     0
    -1     1    -1     0     0
     0    -1     3    -1     0
     0     0    -1     1    -1
     0     0     0    -1     3


(:,:,12) =

     3    -1     0     0     0
    -1     2    -1     0     0
     0    -1     1    -1     0
     0     0    -1     3    -1
     0     0     0    -1     2


(:,:,13) =

     1    -1     0     0     0
    -1     1    -1     0     0
     0    -1     1    -1     0
     0     0    -1     2    -2
     0     0     0    -2     2


(:,:,14) =

     1    -1     0     0     0
    -1     1    -1     0     0
     0    -1     2    -1     0
     0     0    -1     2    -2
     0     0     0    -2     2


(:,:,15) =

     1    -1     0     0     0
    -1     1    -1     0     0
     0    -1     3    -1     0
     0     0    -1     2    -2
     0     0     0    -2     2


(:,:,16) =

     1    -1     0     0     0
    -1     2    -1     0     0
     0    -1     2    -1     0
     0     0    -1     3    -2
     0     0     0    -2     2


(:,:,17) =

     1    -1     0     0     0
    -1     3    -1     0     0
     0    -1     2    -1     0
     0     0    -1     2    -2
     0     0     0    -2     3


(:,:,18) =

     2    -1     0     0     0
    -1     1    -1     0     0
     0    -1     1    -1     0
     0     0    -1     1    -2
     0     0     0    -2     2


(:,:,19) =

     2    -1     0     0     0
    -1     1    -1     0     0
     0    -1     1    -1     0
     0     0    -1     3    -2
     0     0     0    -2     1


(:,:,20) =

     2    -1     0     0     0
    -1     1    -1     0     0
     0    -1     3    -1     0
     0     0    -1     3    -2
     0     0     0    -2     2


(:,:,21) =

     2    -1     0     0     0
    -1     3    -1     0     0
     0    -1     1    -1     0
     0     0    -1     3    -2
     0     0     0    -2     3


(:,:,22) =

     3    -1     0     0     0
    -1     1    -1     0     0
     0    -1     1    -1     0
     0     0    -1     2    -2
     0     0     0    -2     1


(:,:,23) =

     3    -1     0     0     0
    -1     1    -1     0     0
     0    -1     3    -1     0
     0     0    -1     2    -2
     0     0     0    -2     3


(:,:,24) =

     1    -1     0     0     0
    -1     1    -1     0     0
     0    -1     1    -1     0
     0     0    -1     3    -3
     0     0     0    -3     3


(:,:,25) =

     1    -1     0     0     0
    -1     1    -1     0     0
     0    -1     2    -1     0
     0     0    -1     3    -3
     0     0     0    -3     3


(:,:,26) =

     1    -1     0     0     0
    -1     1    -1     0     0
     0    -1     3    -1     0
     0     0    -1     3    -3
     0     0     0    -3     3


(:,:,27) =

     2    -1     0     0     0
    -1     1    -1     0     0
     0    -1     1    -1     0
     0     0    -1     2    -3
     0     0     0    -3     3


(:,:,28) =

     3    -1     0     0     0
    -1     1    -1     0     0
     0    -1     1    -1     0
     0     0    -1     1    -3
     0     0     0    -3     3


(:,:,29) =

     1    -1     0     0     0
    -1     1    -1     0     0
     0    -1     1    -2     0
     0     0    -2     1    -1
     0     0     0    -1     1


(:,:,30) =

     1    -1     0     0     0
    -1     1    -1     0     0
     0    -1     2    -2     0
     0     0    -2     1    -1
     0     0     0    -1     1


(:,:,31) =

     1    -1     0     0     0
    -1     1    -1     0     0
     0    -1     3    -2     0
     0     0    -2     1    -1
     0     0     0    -1     1


(:,:,32) =

     1    -1     0     0     0
    -1     2    -1     0     0
     0    -1     3    -2     0
     0     0    -2     3    -1
     0     0     0    -1     1


(:,:,33) =

     1    -1     0     0     0
    -1     3    -1     0     0
     0    -1     2    -2     0
     0     0    -2     3    -1
     0     0     0    -1     3


(:,:,34) =

     2    -1     0     0     0
    -1     3    -1     0     0
     0    -1     2    -2     0
     0     0    -2     3    -1
     0     0     0    -1     2


(:,:,35) =

     3    -1     0     0     0
    -1     1    -1     0     0
     0    -1     3    -2     0
     0     0    -2     3    -1
     0     0     0    -1     3


(:,:,36) =

     3    -1     0     0     0
    -1     2    -1     0     0
     0    -1     3    -2     0
     0     0    -2     2    -1
     0     0     0    -1     3


(:,:,37) =

     1    -1     0     0     0
    -1     1    -1     0     0
     0    -1     1    -2     0
     0     0    -2     2    -2
     0     0     0    -2     2


(:,:,38) =

     1    -1     0     0     0
    -1     1    -1     0     0
     0    -1     2    -2     0
     0     0    -2     2    -2
     0     0     0    -2     2


(:,:,39) =

     1    -1     0     0     0
    -1     1    -1     0     0
     0    -1     3    -2     0
     0     0    -2     2    -2
     0     0     0    -2     2


(:,:,40) =

     3    -1     0     0     0
    -1     2    -1     0     0
     0    -1     3    -2     0
     0     0    -2     3    -2
     0     0     0    -2     3


(:,:,41) =

     1    -1     0     0     0
    -1     1    -1     0     0
     0    -1     1    -2     0
     0     0    -2     3    -3
     0     0     0    -3     3


(:,:,42) =

     1    -1     0     0     0
    -1     1    -1     0     0
     0    -1     2    -2     0
     0     0    -2     3    -3
     0     0     0    -3     3


(:,:,43) =

     1    -1     0     0     0
    -1     1    -1     0     0
     0    -1     3    -2     0
     0     0    -2     3    -3
     0     0     0    -3     3


(:,:,44) =

     3    -1     0     0     0
    -1     1    -1     0     0
     0    -1     1    -2     0
     0     0    -2     1    -3
     0     0     0    -3     1


(:,:,45) =

     1    -1     0     0     0
    -1     1    -1     0     0
     0    -1     1    -3     0
     0     0    -3     1    -1
     0     0     0    -1     1


(:,:,46) =

     1    -1     0     0     0
    -1     1    -1     0     0
     0    -1     2    -3     0
     0     0    -3     1    -1
     0     0     0    -1     1


(:,:,47) =

     1    -1     0     0     0
    -1     1    -1     0     0
     0    -1     3    -3     0
     0     0    -3     1    -1
     0     0     0    -1     1


(:,:,48) =

     1    -1     0     0     0
    -1     1    -1     0     0
     0    -1     1    -3     0
     0     0    -3     2    -2
     0     0     0    -2     2


(:,:,49) =

     1    -1     0     0     0
    -1     1    -1     0     0
     0    -1     2    -3     0
     0     0    -3     2    -2
     0     0     0    -2     2


(:,:,50) =

     1    -1     0     0     0
    -1     1    -1     0     0
     0    -1     3    -3     0
     0     0    -3     2    -2
     0     0     0    -2     2


(:,:,51) =

     1    -1     0     0     0
    -1     1    -1     0     0
     0    -1     1    -3     0
     0     0    -3     3    -3
     0     0     0    -3     3


(:,:,52) =

     1    -1     0     0     0
    -1     1    -1     0     0
     0    -1     2    -3     0
     0     0    -3     3    -3
     0     0     0    -3     3


(:,:,53) =

     1    -1     0     0     0
    -1     1    -1     0     0
     0    -1     3    -3     0
     0     0    -3     3    -3
     0     0     0    -3     3


(:,:,54) =

     1    -1     0     0     0
    -1     1    -2     0     0
     0    -2     1    -1     0
     0     0    -1     1    -1
     0     0     0    -1     1


(:,:,55) =

     1    -1     0     0     0
    -1     1    -2     0     0
     0    -2     2    -1     0
     0     0    -1     1    -1
     0     0     0    -1     1


(:,:,56) =

     1    -1     0     0     0
    -1     1    -2     0     0
     0    -2     3    -1     0
     0     0    -1     1    -1
     0     0     0    -1     1


(:,:,57) =

     1    -1     0     0     0
    -1     3    -2     0     0
     0    -2     3    -1     0
     0     0    -1     2    -1
     0     0     0    -1     1


(:,:,58) =

     2    -1     0     0     0
    -1     3    -2     0     0
     0    -2     2    -1     0
     0     0    -1     3    -1
     0     0     0    -1     2


(:,:,59) =

     3    -1     0     0     0
    -1     2    -2     0     0
     0    -2     3    -1     0
     0     0    -1     2    -1
     0     0     0    -1     3


(:,:,60) =

     3    -1     0     0     0
    -1     3    -2     0     0
     0    -2     2    -1     0
     0     0    -1     3    -1
     0     0     0    -1     1


(:,:,61) =

     3    -1     0     0     0
    -1     3    -2     0     0
     0    -2     3    -1     0
     0     0    -1     1    -1
     0     0     0    -1     3


(:,:,62) =

     1    -1     0     0     0
    -1     1    -2     0     0
     0    -2     1    -1     0
     0     0    -1     2    -2
     0     0     0    -2     2


(:,:,63) =

     1    -1     0     0     0
    -1     1    -2     0     0
     0    -2     2    -1     0
     0     0    -1     2    -2
     0     0     0    -2     2


(:,:,64) =

     1    -1     0     0     0
    -1     1    -2     0     0
     0    -2     3    -1     0
     0     0    -1     2    -2
     0     0     0    -2     2


(:,:,65) =

     1    -1     0     0     0
    -1     2    -2     0     0
     0    -2     1    -1     0
     0     0    -1     1    -2
     0     0     0    -2     3


(:,:,66) =

     1    -1     0     0     0
    -1     2    -2     0     0
     0    -2     3    -1     0
     0     0    -1     1    -2
     0     0     0    -2     2


(:,:,67) =

     1    -1     0     0     0
    -1     2    -2     0     0
     0    -2     3    -1     0
     0     0    -1     3    -2
     0     0     0    -2     1


(:,:,68) =

     1    -1     0     0     0
    -1     3    -2     0     0
     0    -2     1    -1     0
     0     0    -1     1    -2
     0     0     0    -2     2


(:,:,69) =

     1    -1     0     0     0
    -1     3    -2     0     0
     0    -2     1    -1     0
     0     0    -1     3    -2
     0     0     0    -2     1


(:,:,70) =

     1    -1     0     0     0
    -1     3    -2     0     0
     0    -2     3    -1     0
     0     0    -1     3    -2
     0     0     0    -2     2


(:,:,71) =

     3    -1     0     0     0
    -1     1    -2     0     0
     0    -2     3    -1     0
     0     0    -1     1    -2
     0     0     0    -2     3


(:,:,72) =

     3    -1     0     0     0
    -1     2    -2     0     0
     0    -2     3    -1     0
     0     0    -1     3    -2
     0     0     0    -2     3


(:,:,73) =

     3    -1     0     0     0
    -1     3    -2     0     0
     0    -2     1    -1     0
     0     0    -1     2    -2
     0     0     0    -2     1


(:,:,74) =

     3    -1     0     0     0
    -1     3    -2     0     0
     0    -2     3    -1     0
     0     0    -1     2    -2
     0     0     0    -2     3


(:,:,75) =

     1    -1     0     0     0
    -1     1    -2     0     0
     0    -2     1    -1     0
     0     0    -1     3    -3
     0     0     0    -3     3


(:,:,76) =

     1    -1     0     0     0
    -1     1    -2     0     0
     0    -2     2    -1     0
     0     0    -1     3    -3
     0     0     0    -3     3


(:,:,77) =

     1    -1     0     0     0
    -1     1    -2     0     0
     0    -2     3    -1     0
     0     0    -1     3    -3
     0     0     0    -3     3


(:,:,78) =

     1    -1     0     0     0
    -1     2    -2     0     0
     0    -2     3    -1     0
     0     0    -1     2    -3
     0     0     0    -3     3


(:,:,79) =

     1    -1     0     0     0
    -1     3    -2     0     0
     0    -2     1    -1     0
     0     0    -1     2    -3
     0     0     0    -3     3


(:,:,80) =

     2    -1     0     0     0
    -1     2    -2     0     0
     0    -2     2    -1     0
     0     0    -1     3    -3
     0     0     0    -3     2


(:,:,81) =

     3    -1     0     0     0
    -1     2    -2     0     0
     0    -2     2    -1     0
     0     0    -1     2    -3
     0     0     0    -3     2


(:,:,82) =

     3    -1     0     0     0
    -1     3    -2     0     0
     0    -2     1    -1     0
     0     0    -1     1    -3
     0     0     0    -3     3


(:,:,83) =

     1    -1     0     0     0
    -1     1    -2     0     0
     0    -2     1    -2     0
     0     0    -2     1    -1
     0     0     0    -1     1


(:,:,84) =

     1    -1     0     0     0
    -1     1    -2     0     0
     0    -2     2    -2     0
     0     0    -2     1    -1
     0     0     0    -1     1


(:,:,85) =

     1    -1     0     0     0
    -1     1    -2     0     0
     0    -2     3    -2     0
     0     0    -2     1    -1
     0     0     0    -1     1


(:,:,86) =

     3    -1     0     0     0
    -1     3    -2     0     0
     0    -2     3    -2     0
     0     0    -2     3    -1
     0     0     0    -1     3


(:,:,87) =

     1    -1     0     0     0
    -1     1    -2     0     0
     0    -2     1    -2     0
     0     0    -2     2    -2
     0     0     0    -2     2


(:,:,88) =

     1    -1     0     0     0
    -1     1    -2     0     0
     0    -2     2    -2     0
     0     0    -2     2    -2
     0     0     0    -2     2


(:,:,89) =

     1    -1     0     0     0
    -1     1    -2     0     0
     0    -2     3    -2     0
     0     0    -2     2    -2
     0     0     0    -2     2


(:,:,90) =

     1    -1     0     0     0
    -1     2    -2     0     0
     0    -2     2    -2     0
     0     0    -2     2    -2
     0     0     0    -2     1


(:,:,91) =

     3    -1     0     0     0
    -1     1    -2     0     0
     0    -2     2    -2     0
     0     0    -2     1    -2
     0     0     0    -2     2


(:,:,92) =

     3    -1     0     0     0
    -1     1    -2     0     0
     0    -2     2    -2     0
     0     0    -2     3    -2
     0     0     0    -2     1


(:,:,93) =

     1    -1     0     0     0
    -1     1    -2     0     0
     0    -2     1    -2     0
     0     0    -2     3    -3
     0     0     0    -3     3


(:,:,94) =

     1    -1     0     0     0
    -1     1    -2     0     0
     0    -2     2    -2     0
     0     0    -2     3    -3
     0     0     0    -3     3


(:,:,95) =

     1    -1     0     0     0
    -1     1    -2     0     0
     0    -2     3    -2     0
     0     0    -2     3    -3
     0     0     0    -3     3


(:,:,96) =

     1    -1     0     0     0
    -1     2    -2     0     0
     0    -2     2    -2     0
     0     0    -2     1    -3
     0     0     0    -3     3


(:,:,97) =

     2    -1     0     0     0
    -1     2    -2     0     0
     0    -2     2    -2     0
     0     0    -2     3    -3
     0     0     0    -3     1


(:,:,98) =

     3    -1     0     0     0
    -1     1    -2     0     0
     0    -2     2    -2     0
     0     0    -2     2    -3
     0     0     0    -3     3


(:,:,99) =

     3    -1     0     0     0
    -1     3    -2     0     0
     0    -2     1    -2     0
     0     0    -2     1    -3
     0     0     0    -3     1


(:,:,100) =

     1    -1     0     0     0
    -1     1    -2     0     0
     0    -2     1    -3     0
     0     0    -3     1    -1
     0     0     0    -1     1


(:,:,101) =

     1    -1     0     0     0
    -1     1    -2     0     0
     0    -2     2    -3     0
     0     0    -3     1    -1
     0     0     0    -1     1


(:,:,102) =

     1    -1     0     0     0
    -1     1    -2     0     0
     0    -2     3    -3     0
     0     0    -3     1    -1
     0     0     0    -1     1


(:,:,103) =

     1    -1     0     0     0
    -1     1    -2     0     0
     0    -2     1    -3     0
     0     0    -3     2    -2
     0     0     0    -2     2


(:,:,104) =

     1    -1     0     0     0
    -1     1    -2     0     0
     0    -2     2    -3     0
     0     0    -3     2    -2
     0     0     0    -2     2


(:,:,105) =

     1    -1     0     0     0
    -1     1    -2     0     0
     0    -2     3    -3     0
     0     0    -3     2    -2
     0     0     0    -2     2


(:,:,106) =

     1    -1     0     0     0
    -1     2    -2     0     0
     0    -2     1    -3     0
     0     0    -3     1    -2
     0     0     0    -2     1


(:,:,107) =

     3    -1     0     0     0
    -1     1    -2     0     0
     0    -2     3    -3     0
     0     0    -3     1    -2
     0     0     0    -2     1


(:,:,108) =

     1    -1     0     0     0
    -1     1    -2     0     0
     0    -2     1    -3     0
     0     0    -3     3    -3
     0     0     0    -3     3


(:,:,109) =

     1    -1     0     0     0
    -1     1    -2     0     0
     0    -2     2    -3     0
     0     0    -3     3    -3
     0     0     0    -3     3


(:,:,110) =

     1    -1     0     0     0
    -1     1    -2     0     0
     0    -2     3    -3     0
     0     0    -3     3    -3
     0     0     0    -3     3


(:,:,111) =

     2    -1     0     0     0
    -1     1    -2     0     0
     0    -2     2    -3     0
     0     0    -3     3    -3
     0     0     0    -3     2


(:,:,112) =

     1    -1     0     0     0
    -1     1    -3     0     0
     0    -3     1    -1     0
     0     0    -1     1    -1
     0     0     0    -1     1


(:,:,113) =

     1    -1     0     0     0
    -1     1    -3     0     0
     0    -3     2    -1     0
     0     0    -1     1    -1
     0     0     0    -1     1


(:,:,114) =

     1    -1     0     0     0
    -1     1    -3     0     0
     0    -3     3    -1     0
     0     0    -1     1    -1
     0     0     0    -1     1


(:,:,115) =

     1    -1     0     0     0
    -1     1    -3     0     0
     0    -3     1    -1     0
     0     0    -1     2    -2
     0     0     0    -2     2


(:,:,116) =

     1    -1     0     0     0
    -1     1    -3     0     0
     0    -3     2    -1     0
     0     0    -1     2    -2
     0     0     0    -2     2


(:,:,117) =

     1    -1     0     0     0
    -1     1    -3     0     0
     0    -3     3    -1     0
     0     0    -1     2    -2
     0     0     0    -2     2


(:,:,118) =

     2    -1     0     0     0
    -1     2    -3     0     0
     0    -3     3    -1     0
     0     0    -1     1    -2
     0     0     0    -2     3


(:,:,119) =

     1    -1     0     0     0
    -1     1    -3     0     0
     0    -3     1    -1     0
     0     0    -1     3    -3
     0     0     0    -3     3


(:,:,120) =

     1    -1     0     0     0
    -1     1    -3     0     0
     0    -3     2    -1     0
     0     0    -1     3    -3
     0     0     0    -3     3


(:,:,121) =

     1    -1     0     0     0
    -1     1    -3     0     0
     0    -3     3    -1     0
     0     0    -1     3    -3
     0     0     0    -3     3


(:,:,122) =

     1    -1     0     0     0
    -1     1    -3     0     0
     0    -3     1    -2     0
     0     0    -2     1    -1
     0     0     0    -1     1


(:,:,123) =

     1    -1     0     0     0
    -1     1    -3     0     0
     0    -3     2    -2     0
     0     0    -2     1    -1
     0     0     0    -1     1


(:,:,124) =

     1    -1     0     0     0
    -1     1    -3     0     0
     0    -3     3    -2     0
     0     0    -2     1    -1
     0     0     0    -1     1


(:,:,125) =

     1    -1     0     0     0
    -1     1    -3     0     0
     0    -3     1    -2     0
     0     0    -2     2    -2
     0     0     0    -2     2


(:,:,126) =

     1    -1     0     0     0
    -1     1    -3     0     0
     0    -3     2    -2     0
     0     0    -2     2    -2
     0     0     0    -2     2


(:,:,127) =

     1    -1     0     0     0
    -1     1    -3     0     0
     0    -3     3    -2     0
     0     0    -2     2    -2
     0     0     0    -2     2


(:,:,128) =

     2    -1     0     0     0
    -1     2    -3     0     0
     0    -3     2    -2     0
     0     0    -2     1    -2
     0     0     0    -2     2


(:,:,129) =

     2    -1     0     0     0
    -1     2    -3     0     0
     0    -3     2    -2     0
     0     0    -2     3    -2
     0     0     0    -2     1


(:,:,130) =

     1    -1     0     0     0
    -1     1    -3     0     0
     0    -3     1    -2     0
     0     0    -2     3    -3
     0     0     0    -3     3


(:,:,131) =

     1    -1     0     0     0
    -1     1    -3     0     0
     0    -3     2    -2     0
     0     0    -2     3    -3
     0     0     0    -3     3


(:,:,132) =

     1    -1     0     0     0
    -1     1    -3     0     0
     0    -3     3    -2     0
     0     0    -2     3    -3
     0     0     0    -3     3


(:,:,133) =

     2    -1     0     0     0
    -1     2    -3     0     0
     0    -3     2    -2     0
     0     0    -2     2    -3
     0     0     0    -3     3


(:,:,134) =

     2    -1     0     0     0
    -1     3    -3     0     0
     0    -3     2    -2     0
     0     0    -2     2    -3
     0     0     0    -3     2


(:,:,135) =

     1    -1     0     0     0
    -1     1    -3     0     0
     0    -3     1    -3     0
     0     0    -3     1    -1
     0     0     0    -1     1


(:,:,136) =

     1    -1     0     0     0
    -1     1    -3     0     0
     0    -3     2    -3     0
     0     0    -3     1    -1
     0     0     0    -1     1


(:,:,137) =

     1    -1     0     0     0
    -1     1    -3     0     0
     0    -3     3    -3     0
     0     0    -3     1    -1
     0     0     0    -1     1


(:,:,138) =

     1    -1     0     0     0
    -1     1    -3     0     0
     0    -3     1    -3     0
     0     0    -3     2    -2
     0     0     0    -2     2


(:,:,139) =

     1    -1     0     0     0
    -1     1    -3     0     0
     0    -3     2    -3     0
     0     0    -3     2    -2
     0     0     0    -2     2


(:,:,140) =

     1    -1     0     0     0
    -1     1    -3     0     0
     0    -3     3    -3     0
     0     0    -3     2    -2
     0     0     0    -2     2


(:,:,141) =

     2    -1     0     0     0
    -1     2    -3     0     0
     0    -3     3    -3     0
     0     0    -3     1    -2
     0     0     0    -2     1


(:,:,142) =

     1    -1     0     0     0
    -1     1    -3     0     0
     0    -3     1    -3     0
     0     0    -3     3    -3
     0     0     0    -3     3


(:,:,143) =

     1    -1     0     0     0
    -1     1    -3     0     0
     0    -3     2    -3     0
     0     0    -3     3    -3
     0     0     0    -3     3


(:,:,144) =

     1    -1     0     0     0
    -1     1    -3     0     0
     0    -3     3    -3     0
     0     0    -3     3    -3
     0     0     0    -3     3


(:,:,145) =

     1    -1     0     0     0
    -1     2    -3     0     0
     0    -3     3    -3     0
     0     0    -3     3    -3
     0     0     0    -3     2


(:,:,146) =

     1    -1     0     0     0
    -1     3    -3     0     0
     0    -3     3    -3     0
     0     0    -3     3    -3
     0     0     0    -3     1


(:,:,147) =

     1    -2     0     0     0
    -2     2    -1     0     0
     0    -1     1    -1     0
     0     0    -1     1    -1
     0     0     0    -1     3


(:,:,148) =

     1    -2     0     0     0
    -2     3    -1     0     0
     0    -1     1    -1     0
     0     0    -1     1    -1
     0     0     0    -1     2


(:,:,149) =

     2    -2     0     0     0
    -2     1    -1     0     0
     0    -1     1    -1     0
     0     0    -1     1    -1
     0     0     0    -1     2


(:,:,150) =

     2    -2     0     0     0
    -2     2    -1     0     0
     0    -1     1    -1     0
     0     0    -1     1    -1
     0     0     0    -1     1


(:,:,151) =

     2    -2     0     0     0
    -2     2    -1     0     0
     0    -1     2    -1     0
     0     0    -1     1    -1
     0     0     0    -1     1


(:,:,152) =

     2    -2     0     0     0
    -2     2    -1     0     0
     0    -1     3    -1     0
     0     0    -1     1    -1
     0     0     0    -1     1


(:,:,153) =

     2    -2     0     0     0
    -2     3    -1     0     0
     0    -1     2    -1     0
     0     0    -1     2    -1
     0     0     0    -1     1


(:,:,154) =

     2    -2     0     0     0
    -2     3    -1     0     0
     0    -1     3    -1     0
     0     0    -1     1    -1
     0     0     0    -1     2


(:,:,155) =

     3    -2     0     0     0
    -2     2    -1     0     0
     0    -1     2    -1     0
     0     0    -1     3    -1
     0     0     0    -1     1


(:,:,156) =

     3    -2     0     0     0
    -2     2    -1     0     0
     0    -1     3    -1     0
     0     0    -1     1    -1
     0     0     0    -1     3


(:,:,157) =

     3    -2     0     0     0
    -2     3    -1     0     0
     0    -1     1    -1     0
     0     0    -1     3    -1
     0     0     0    -1     2


(:,:,158) =

     1    -2     0     0     0
    -2     2    -1     0     0
     0    -1     1    -1     0
     0     0    -1     2    -2
     0     0     0    -2     3


(:,:,159) =

     2    -2     0     0     0
    -2     2    -1     0     0
     0    -1     1    -1     0
     0     0    -1     2    -2
     0     0     0    -2     2


(:,:,160) =

     2    -2     0     0     0
    -2     2    -1     0     0
     0    -1     2    -1     0
     0     0    -1     2    -2
     0     0     0    -2     2


(:,:,161) =

     2    -2     0     0     0
    -2     2    -1     0     0
     0    -1     3    -1     0
     0     0    -1     2    -2
     0     0     0    -2     2


(:,:,162) =

     2    -2     0     0     0
    -2     3    -1     0     0
     0    -1     2    -1     0
     0     0    -1     3    -2
     0     0     0    -2     2


(:,:,163) =

     3    -2     0     0     0
    -2     2    -1     0     0
     0    -1     1    -1     0
     0     0    -1     2    -2
     0     0     0    -2     1


(:,:,164) =

     3    -2     0     0     0
    -2     2    -1     0     0
     0    -1     3    -1     0
     0     0    -1     2    -2
     0     0     0    -2     3


(:,:,165) =

     2    -2     0     0     0
    -2     2    -1     0     0
     0    -1     1    -1     0
     0     0    -1     3    -3
     0     0     0    -3     3


(:,:,166) =

     2    -2     0     0     0
    -2     2    -1     0     0
     0    -1     2    -1     0
     0     0    -1     3    -3
     0     0     0    -3     3


(:,:,167) =

     2    -2     0     0     0
    -2     2    -1     0     0
     0    -1     3    -1     0
     0     0    -1     3    -3
     0     0     0    -3     3


(:,:,168) =

     3    -2     0     0     0
    -2     2    -1     0     0
     0    -1     1    -1     0
     0     0    -1     1    -3
     0     0     0    -3     3


(:,:,169) =

     1    -2     0     0     0
    -2     2    -1     0     0
     0    -1     1    -2     0
     0     0    -2     3    -1
     0     0     0    -1     3


(:,:,170) =

     1    -2     0     0     0
    -2     3    -1     0     0
     0    -1     1    -2     0
     0     0    -2     3    -1
     0     0     0    -1     1


(:,:,171) =

     1    -2     0     0     0
    -2     3    -1     0     0
     0    -1     3    -2     0
     0     0    -2     2    -1
     0     0     0    -1     1


(:,:,172) =

     2    -2     0     0     0
    -2     1    -1     0     0
     0    -1     1    -2     0
     0     0    -2     3    -1
     0     0     0    -1     1


(:,:,173) =

     2    -2     0     0     0
    -2     1    -1     0     0
     0    -1     3    -2     0
     0     0    -2     2    -1
     0     0     0    -1     1


(:,:,174) =

     2    -2     0     0     0
    -2     2    -1     0     0
     0    -1     1    -2     0
     0     0    -2     1    -1
     0     0     0    -1     1


(:,:,175) =

     2    -2     0     0     0
    -2     2    -1     0     0
     0    -1     2    -2     0
     0     0    -2     1    -1
     0     0     0    -1     1


(:,:,176) =

     2    -2     0     0     0
    -2     2    -1     0     0
     0    -1     3    -2     0
     0     0    -2     1    -1
     0     0     0    -1     1


(:,:,177) =

     2    -2     0     0     0
    -2     3    -1     0     0
     0    -1     3    -2     0
     0     0    -2     3    -1
     0     0     0    -1     1


(:,:,178) =

     3    -2     0     0     0
    -2     1    -1     0     0
     0    -1     1    -2     0
     0     0    -2     2    -1
     0     0     0    -1     1


(:,:,179) =

     3    -2     0     0     0
    -2     1    -1     0     0
     0    -1     3    -2     0
     0     0    -2     1    -1
     0     0     0    -1     3


(:,:,180) =

     3    -2     0     0     0
    -2     2    -1     0     0
     0    -1     3    -2     0
     0     0    -2     3    -1
     0     0     0    -1     3


(:,:,181) =

     3    -2     0     0     0
    -2     3    -1     0     0
     0    -1     3    -2     0
     0     0    -2     2    -1
     0     0     0    -1     3


(:,:,182) =

     1    -2     0     0     0
    -2     3    -1     0     0
     0    -1     3    -2     0
     0     0    -2     3    -2
     0     0     0    -2     2


(:,:,183) =

     2    -2     0     0     0
    -2     1    -1     0     0
     0    -1     3    -2     0
     0     0    -2     3    -2
     0     0     0    -2     2


(:,:,184) =

     2    -2     0     0     0
    -2     2    -1     0     0
     0    -1     1    -2     0
     0     0    -2     2    -2
     0     0     0    -2     2


(:,:,185) =

     2    -2     0     0     0
    -2     2    -1     0     0
     0    -1     2    -2     0
     0     0    -2     2    -2
     0     0     0    -2     2


(:,:,186) =

     2    -2     0     0     0
    -2     2    -1     0     0
     0    -1     3    -2     0
     0     0    -2     2    -2
     0     0     0    -2     2


(:,:,187) =

     3    -2     0     0     0
    -2     1    -1     0     0
     0    -1     1    -2     0
     0     0    -2     3    -2
     0     0     0    -2     2


(:,:,188) =

     3    -2     0     0     0
    -2     1    -1     0     0
     0    -1     3    -2     0
     0     0    -2     2    -2
     0     0     0    -2     3


(:,:,189) =

     3    -2     0     0     0
    -2     3    -1     0     0
     0    -1     3    -2     0
     0     0    -2     3    -2
     0     0     0    -2     3


(:,:,190) =

     2    -2     0     0     0
    -2     2    -1     0     0
     0    -1     1    -2     0
     0     0    -2     3    -3
     0     0     0    -3     3


(:,:,191) =

     2    -2     0     0     0
    -2     2    -1     0     0
     0    -1     2    -2     0
     0     0    -2     3    -3
     0     0     0    -3     3


(:,:,192) =

     2    -2     0     0     0
    -2     2    -1     0     0
     0    -1     3    -2     0
     0     0    -2     3    -3
     0     0     0    -3     3


(:,:,193) =

     3    -2     0     0     0
    -2     2    -1     0     0
     0    -1     1    -2     0
     0     0    -2     1    -3
     0     0     0    -3     1


(:,:,194) =

     2    -2     0     0     0
    -2     2    -1     0     0
     0    -1     1    -3     0
     0     0    -3     1    -1
     0     0     0    -1     1


(:,:,195) =

     2    -2     0     0     0
    -2     2    -1     0     0
     0    -1     2    -3     0
     0     0    -3     1    -1
     0     0     0    -1     1


(:,:,196) =

     2    -2     0     0     0
    -2     2    -1     0     0
     0    -1     3    -3     0
     0     0    -3     1    -1
     0     0     0    -1     1


(:,:,197) =

     3    -2     0     0     0
    -2     1    -1     0     0
     0    -1     3    -3     0
     0     0    -3     2    -1
     0     0     0    -1     2


(:,:,198) =

     2    -2     0     0     0
    -2     2    -1     0     0
     0    -1     1    -3     0
     0     0    -3     2    -2
     0     0     0    -2     2


(:,:,199) =

     2    -2     0     0     0
    -2     2    -1     0     0
     0    -1     2    -3     0
     0     0    -3     2    -2
     0     0     0    -2     2


(:,:,200) =

     2    -2     0     0     0
    -2     2    -1     0     0
     0    -1     3    -3     0
     0     0    -3     2    -2
     0     0     0    -2     2


(:,:,201) =

     2    -2     0     0     0
    -2     2    -1     0     0
     0    -1     1    -3     0
     0     0    -3     3    -3
     0     0     0    -3     3


(:,:,202) =

     2    -2     0     0     0
    -2     2    -1     0     0
     0    -1     2    -3     0
     0     0    -3     3    -3
     0     0     0    -3     3


(:,:,203) =

     2    -2     0     0     0
    -2     2    -1     0     0
     0    -1     3    -3     0
     0     0    -3     3    -3
     0     0     0    -3     3


(:,:,204) =

     2    -2     0     0     0
    -2     2    -2     0     0
     0    -2     1    -1     0
     0     0    -1     1    -1
     0     0     0    -1     1


(:,:,205) =

     2    -2     0     0     0
    -2     2    -2     0     0
     0    -2     2    -1     0
     0     0    -1     1    -1
     0     0     0    -1     1


(:,:,206) =

     2    -2     0     0     0
    -2     2    -2     0     0
     0    -2     3    -1     0
     0     0    -1     1    -1
     0     0     0    -1     1


(:,:,207) =

     3    -2     0     0     0
    -2     3    -2     0     0
     0    -2     3    -1     0
     0     0    -1     2    -1
     0     0     0    -1     3


(:,:,208) =

     2    -2     0     0     0
    -2     2    -2     0     0
     0    -2     1    -1     0
     0     0    -1     2    -2
     0     0     0    -2     2


(:,:,209) =

     2    -2     0     0     0
    -2     2    -2     0     0
     0    -2     2    -1     0
     0     0    -1     2    -2
     0     0     0    -2     2


(:,:,210) =

     2    -2     0     0     0
    -2     2    -2     0     0
     0    -2     3    -1     0
     0     0    -1     2    -2
     0     0     0    -2     2


(:,:,211) =

     2    -2     0     0     0
    -2     3    -2     0     0
     0    -2     1    -1     0
     0     0    -1     1    -2
     0     0     0    -2     3


(:,:,212) =

     2    -2     0     0     0
    -2     3    -2     0     0
     0    -2     3    -1     0
     0     0    -1     1    -2
     0     0     0    -2     2


(:,:,213) =

     2    -2     0     0     0
    -2     3    -2     0     0
     0    -2     3    -1     0
     0     0    -1     3    -2
     0     0     0    -2     1


(:,:,214) =

     3    -2     0     0     0
    -2     2    -2     0     0
     0    -2     3    -1     0
     0     0    -1     1    -2
     0     0     0    -2     3


(:,:,215) =

     3    -2     0     0     0
    -2     3    -2     0     0
     0    -2     3    -1     0
     0     0    -1     3    -2
     0     0     0    -2     3


(:,:,216) =

     2    -2     0     0     0
    -2     2    -2     0     0
     0    -2     1    -1     0
     0     0    -1     3    -3
     0     0     0    -3     3


(:,:,217) =

     2    -2     0     0     0
    -2     2    -2     0     0
     0    -2     2    -1     0
     0     0    -1     3    -3
     0     0     0    -3     3


(:,:,218) =

     2    -2     0     0     0
    -2     2    -2     0     0
     0    -2     3    -1     0
     0     0    -1     3    -3
     0     0     0    -3     3


(:,:,219) =

     2    -2     0     0     0
    -2     3    -2     0     0
     0    -2     3    -1     0
     0     0    -1     2    -3
     0     0     0    -3     3


(:,:,220) =

     3    -2     0     0     0
    -2     3    -2     0     0
     0    -2     2    -1     0
     0     0    -1     2    -3
     0     0     0    -3     2


(:,:,221) =

     1    -2     0     0     0
    -2     2    -2     0     0
     0    -2     2    -2     0
     0     0    -2     2    -1
     0     0     0    -1     1


(:,:,222) =

     1    -2     0     0     0
    -2     3    -2     0     0
     0    -2     2    -2     0
     0     0    -2     1    -1
     0     0     0    -1     3


(:,:,223) =

     2    -2     0     0     0
    -2     1    -2     0     0
     0    -2     2    -2     0
     0     0    -2     1    -1
     0     0     0    -1     3


(:,:,224) =

     2    -2     0     0     0
    -2     2    -2     0     0
     0    -2     1    -2     0
     0     0    -2     1    -1
     0     0     0    -1     1


(:,:,225) =

     2    -2     0     0     0
    -2     2    -2     0     0
     0    -2     2    -2     0
     0     0    -2     1    -1
     0     0     0    -1     1


(:,:,226) =

     2    -2     0     0     0
    -2     2    -2     0     0
     0    -2     3    -2     0
     0     0    -2     1    -1
     0     0     0    -1     1


(:,:,227) =

     1    -2     0     0     0
    -2     2    -2     0     0
     0    -2     2    -2     0
     0     0    -2     3    -2
     0     0     0    -2     2


(:,:,228) =

     1    -2     0     0     0
    -2     3    -2     0     0
     0    -2     2    -2     0
     0     0    -2     2    -2
     0     0     0    -2     3


(:,:,229) =

     2    -2     0     0     0
    -2     1    -2     0     0
     0    -2     2    -2     0
     0     0    -2     2    -2
     0     0     0    -2     3


(:,:,230) =

     2    -2     0     0     0
    -2     2    -2     0     0
     0    -2     1    -2     0
     0     0    -2     2    -2
     0     0     0    -2     2


(:,:,231) =

     2    -2     0     0     0
    -2     2    -2     0     0
     0    -2     2    -2     0
     0     0    -2     2    -2
     0     0     0    -2     2


(:,:,232) =

     2    -2     0     0     0
    -2     2    -2     0     0
     0    -2     3    -2     0
     0     0    -2     2    -2
     0     0     0    -2     2


(:,:,233) =

     2    -2     0     0     0
    -2     3    -2     0     0
     0    -2     2    -2     0
     0     0    -2     2    -2
     0     0     0    -2     1


(:,:,234) =

     3    -2     0     0     0
    -2     2    -2     0     0
     0    -2     2    -2     0
     0     0    -2     1    -2
     0     0     0    -2     2


(:,:,235) =

     3    -2     0     0     0
    -2     2    -2     0     0
     0    -2     2    -2     0
     0     0    -2     3    -2
     0     0     0    -2     1


(:,:,236) =

     2    -2     0     0     0
    -2     2    -2     0     0
     0    -2     1    -2     0
     0     0    -2     3    -3
     0     0     0    -3     3


(:,:,237) =

     2    -2     0     0     0
    -2     2    -2     0     0
     0    -2     2    -2     0
     0     0    -2     3    -3
     0     0     0    -3     3


(:,:,238) =

     2    -2     0     0     0
    -2     2    -2     0     0
     0    -2     3    -2     0
     0     0    -2     3    -3
     0     0     0    -3     3


(:,:,239) =

     2    -2     0     0     0
    -2     3    -2     0     0
     0    -2     2    -2     0
     0     0    -2     1    -3
     0     0     0    -3     3


(:,:,240) =

     3    -2     0     0     0
    -2     2    -2     0     0
     0    -2     2    -2     0
     0     0    -2     2    -3
     0     0     0    -3     3


(:,:,241) =

     1    -2     0     0     0
    -2     3    -2     0     0
     0    -2     2    -3     0
     0     0    -3     2    -1
     0     0     0    -1     2


(:,:,242) =

     2    -2     0     0     0
    -2     1    -2     0     0
     0    -2     2    -3     0
     0     0    -3     2    -1
     0     0     0    -1     2


(:,:,243) =

     2    -2     0     0     0
    -2     2    -2     0     0
     0    -2     1    -3     0
     0     0    -3     1    -1
     0     0     0    -1     1


(:,:,244) =

     2    -2     0     0     0
    -2     2    -2     0     0
     0    -2     2    -3     0
     0     0    -3     1    -1
     0     0     0    -1     1


(:,:,245) =

     2    -2     0     0     0
    -2     2    -2     0     0
     0    -2     3    -3     0
     0     0    -3     1    -1
     0     0     0    -1     1


(:,:,246) =

     2    -2     0     0     0
    -2     2    -2     0     0
     0    -2     1    -3     0
     0     0    -3     2    -2
     0     0     0    -2     2


(:,:,247) =

     2    -2     0     0     0
    -2     2    -2     0     0
     0    -2     2    -3     0
     0     0    -3     2    -2
     0     0     0    -2     2


(:,:,248) =

     2    -2     0     0     0
    -2     2    -2     0     0
     0    -2     3    -3     0
     0     0    -3     2    -2
     0     0     0    -2     2


(:,:,249) =

     2    -2     0     0     0
    -2     3    -2     0     0
     0    -2     1    -3     0
     0     0    -3     1    -2
     0     0     0    -2     1


(:,:,250) =

     3    -2     0     0     0
    -2     2    -2     0     0
     0    -2     3    -3     0
     0     0    -3     1    -2
     0     0     0    -2     1


(:,:,251) =

     2    -2     0     0     0
    -2     2    -2     0     0
     0    -2     1    -3     0
     0     0    -3     3    -3
     0     0     0    -3     3


(:,:,252) =

     2    -2     0     0     0
    -2     2    -2     0     0
     0    -2     2    -3     0
     0     0    -3     3    -3
     0     0     0    -3     3


(:,:,253) =

     2    -2     0     0     0
    -2     2    -2     0     0
     0    -2     3    -3     0
     0     0    -3     3    -3
     0     0     0    -3     3


(:,:,254) =

     2    -2     0     0     0
    -2     2    -3     0     0
     0    -3     1    -1     0
     0     0    -1     1    -1
     0     0     0    -1     1


(:,:,255) =

     2    -2     0     0     0
    -2     2    -3     0     0
     0    -3     2    -1     0
     0     0    -1     1    -1
     0     0     0    -1     1


(:,:,256) =

     2    -2     0     0     0
    -2     2    -3     0     0
     0    -3     3    -1     0
     0     0    -1     1    -1
     0     0     0    -1     1


(:,:,257) =

     2    -2     0     0     0
    -2     2    -3     0     0
     0    -3     1    -1     0
     0     0    -1     2    -2
     0     0     0    -2     2


(:,:,258) =

     2    -2     0     0     0
    -2     2    -3     0     0
     0    -3     2    -1     0
     0     0    -1     2    -2
     0     0     0    -2     2


(:,:,259) =

     2    -2     0     0     0
    -2     2    -3     0     0
     0    -3     3    -1     0
     0     0    -1     2    -2
     0     0     0    -2     2


(:,:,260) =

     2    -2     0     0     0
    -2     2    -3     0     0
     0    -3     1    -1     0
     0     0    -1     3    -3
     0     0     0    -3     3


(:,:,261) =

     2    -2     0     0     0
    -2     2    -3     0     0
     0    -3     2    -1     0
     0     0    -1     3    -3
     0     0     0    -3     3


(:,:,262) =

     2    -2     0     0     0
    -2     2    -3     0     0
     0    -3     3    -1     0
     0     0    -1     3    -3
     0     0     0    -3     3


(:,:,263) =

     1    -2     0     0     0
    -2     1    -3     0     0
     0    -3     1    -2     0
     0     0    -2     2    -1
     0     0     0    -1     1


(:,:,264) =

     1    -2     0     0     0
    -2     1    -3     0     0
     0    -3     3    -2     0
     0     0    -2     1    -1
     0     0     0    -1     3


(:,:,265) =

     2    -2     0     0     0
    -2     2    -3     0     0
     0    -3     1    -2     0
     0     0    -2     1    -1
     0     0     0    -1     1


(:,:,266) =

     2    -2     0     0     0
    -2     2    -3     0     0
     0    -3     2    -2     0
     0     0    -2     1    -1
     0     0     0    -1     1


(:,:,267) =

     2    -2     0     0     0
    -2     2    -3     0     0
     0    -3     3    -2     0
     0     0    -2     1    -1
     0     0     0    -1     1


(:,:,268) =

     1    -2     0     0     0
    -2     1    -3     0     0
     0    -3     1    -2     0
     0     0    -2     3    -2
     0     0     0    -2     2


(:,:,269) =

     1    -2     0     0     0
    -2     1    -3     0     0
     0    -3     3    -2     0
     0     0    -2     2    -2
     0     0     0    -2     3


(:,:,270) =

     2    -2     0     0     0
    -2     2    -3     0     0
     0    -3     1    -2     0
     0     0    -2     2    -2
     0     0     0    -2     2


(:,:,271) =

     2    -2     0     0     0
    -2     2    -3     0     0
     0    -3     2    -2     0
     0     0    -2     2    -2
     0     0     0    -2     2


(:,:,272) =

     2    -2     0     0     0
    -2     2    -3     0     0
     0    -3     3    -2     0
     0     0    -2     2    -2
     0     0     0    -2     2


(:,:,273) =

     2    -2     0     0     0
    -2     2    -3     0     0
     0    -3     1    -2     0
     0     0    -2     3    -3
     0     0     0    -3     3


(:,:,274) =

     2    -2     0     0     0
    -2     2    -3     0     0
     0    -3     2    -2     0
     0     0    -2     3    -3
     0     0     0    -3     3


(:,:,275) =

     2    -2     0     0     0
    -2     2    -3     0     0
     0    -3     3    -2     0
     0     0    -2     3    -3
     0     0     0    -3     3


(:,:,276) =

     1    -2     0     0     0
    -2     1    -3     0     0
     0    -3     3    -3     0
     0     0    -3     2    -1
     0     0     0    -1     2


(:,:,277) =

     2    -2     0     0     0
    -2     2    -3     0     0
     0    -3     1    -3     0
     0     0    -3     1    -1
     0     0     0    -1     1


(:,:,278) =

     2    -2     0     0     0
    -2     2    -3     0     0
     0    -3     2    -3     0
     0     0    -3     1    -1
     0     0     0    -1     1


(:,:,279) =

     2    -2     0     0     0
    -2     2    -3     0     0
     0    -3     3    -3     0
     0     0    -3     1    -1
     0     0     0    -1     1


(:,:,280) =

     2    -2     0     0     0
    -2     2    -3     0     0
     0    -3     1    -3     0
     0     0    -3     2    -2
     0     0     0    -2     2


(:,:,281) =

     2    -2     0     0     0
    -2     2    -3     0     0
     0    -3     2    -3     0
     0     0    -3     2    -2
     0     0     0    -2     2


(:,:,282) =

     2    -2     0     0     0
    -2     2    -3     0     0
     0    -3     3    -3     0
     0     0    -3     2    -2
     0     0     0    -2     2


(:,:,283) =

     2    -2     0     0     0
    -2     2    -3     0     0
     0    -3     1    -3     0
     0     0    -3     3    -3
     0     0     0    -3     3


(:,:,284) =

     2    -2     0     0     0
    -2     2    -3     0     0
     0    -3     2    -3     0
     0     0    -3     3    -3
     0     0     0    -3     3


(:,:,285) =

     2    -2     0     0     0
    -2     2    -3     0     0
     0    -3     3    -3     0
     0     0    -3     3    -3
     0     0     0    -3     3


(:,:,286) =

     2    -2     0     0     0
    -2     3    -3     0     0
     0    -3     3    -3     0
     0     0    -3     3    -3
     0     0     0    -3     2


(:,:,287) =

     3    -3     0     0     0
    -3     1    -1     0     0
     0    -1     1    -1     0
     0     0    -1     1    -1
     0     0     0    -1     3


(:,:,288) =

     3    -3     0     0     0
    -3     2    -1     0     0
     0    -1     1    -1     0
     0     0    -1     1    -1
     0     0     0    -1     2


(:,:,289) =

     3    -3     0     0     0
    -3     3    -1     0     0
     0    -1     1    -1     0
     0     0    -1     1    -1
     0     0     0    -1     1


(:,:,290) =

     3    -3     0     0     0
    -3     3    -1     0     0
     0    -1     2    -1     0
     0     0    -1     1    -1
     0     0     0    -1     1


(:,:,291) =

     3    -3     0     0     0
    -3     3    -1     0     0
     0    -1     3    -1     0
     0     0    -1     1    -1
     0     0     0    -1     1


(:,:,292) =

     3    -3     0     0     0
    -3     1    -1     0     0
     0    -1     1    -1     0
     0     0    -1     2    -2
     0     0     0    -2     3


(:,:,293) =

     3    -3     0     0     0
    -3     3    -1     0     0
     0    -1     1    -1     0
     0     0    -1     2    -2
     0     0     0    -2     2


(:,:,294) =

     3    -3     0     0     0
    -3     3    -1     0     0
     0    -1     2    -1     0
     0     0    -1     2    -2
     0     0     0    -2     2


(:,:,295) =

     3    -3     0     0     0
    -3     3    -1     0     0
     0    -1     3    -1     0
     0     0    -1     2    -2
     0     0     0    -2     2


(:,:,296) =

     3    -3     0     0     0
    -3     3    -1     0     0
     0    -1     1    -1     0
     0     0    -1     3    -3
     0     0     0    -3     3


(:,:,297) =

     3    -3     0     0     0
    -3     3    -1     0     0
     0    -1     2    -1     0
     0     0    -1     3    -3
     0     0     0    -3     3


(:,:,298) =

     3    -3     0     0     0
    -3     3    -1     0     0
     0    -1     3    -1     0
     0     0    -1     3    -3
     0     0     0    -3     3


(:,:,299) =

     2    -3     0     0     0
    -3     2    -1     0     0
     0    -1     2    -2     0
     0     0    -2     2    -1
     0     0     0    -1     3


(:,:,300) =

     2    -3     0     0     0
    -3     3    -1     0     0
     0    -1     2    -2     0
     0     0    -2     2    -1
     0     0     0    -1     2


(:,:,301) =

     3    -3     0     0     0
    -3     1    -1     0     0
     0    -1     1    -2     0
     0     0    -2     3    -1
     0     0     0    -1     3


(:,:,302) =

     3    -3     0     0     0
    -3     2    -1     0     0
     0    -1     1    -2     0
     0     0    -2     3    -1
     0     0     0    -1     1


(:,:,303) =

     3    -3     0     0     0
    -3     2    -1     0     0
     0    -1     3    -2     0
     0     0    -2     2    -1
     0     0     0    -1     1


(:,:,304) =

     3    -3     0     0     0
    -3     3    -1     0     0
     0    -1     1    -2     0
     0     0    -2     1    -1
     0     0     0    -1     1


(:,:,305) =

     3    -3     0     0     0
    -3     3    -1     0     0
     0    -1     2    -2     0
     0     0    -2     1    -1
     0     0     0    -1     1


(:,:,306) =

     3    -3     0     0     0
    -3     3    -1     0     0
     0    -1     3    -2     0
     0     0    -2     1    -1
     0     0     0    -1     1


(:,:,307) =

     2    -3     0     0     0
    -3     2    -1     0     0
     0    -1     2    -2     0
     0     0    -2     3    -2
     0     0     0    -2     3


(:,:,308) =

     3    -3     0     0     0
    -3     2    -1     0     0
     0    -1     3    -2     0
     0     0    -2     3    -2
     0     0     0    -2     2


(:,:,309) =

     3    -3     0     0     0
    -3     3    -1     0     0
     0    -1     1    -2     0
     0     0    -2     2    -2
     0     0     0    -2     2


(:,:,310) =

     3    -3     0     0     0
    -3     3    -1     0     0
     0    -1     2    -2     0
     0     0    -2     2    -2
     0     0     0    -2     2


(:,:,311) =

     3    -3     0     0     0
    -3     3    -1     0     0
     0    -1     3    -2     0
     0     0    -2     2    -2
     0     0     0    -2     2


(:,:,312) =

     3    -3     0     0     0
    -3     3    -1     0     0
     0    -1     1    -2     0
     0     0    -2     3    -3
     0     0     0    -3     3


(:,:,313) =

     3    -3     0     0     0
    -3     3    -1     0     0
     0    -1     2    -2     0
     0     0    -2     3    -3
     0     0     0    -3     3


(:,:,314) =

     3    -3     0     0     0
    -3     3    -1     0     0
     0    -1     3    -2     0
     0     0    -2     3    -3
     0     0     0    -3     3


(:,:,315) =

     3    -3     0     0     0
    -3     3    -1     0     0
     0    -1     1    -3     0
     0     0    -3     1    -1
     0     0     0    -1     1


(:,:,316) =

     3    -3     0     0     0
    -3     3    -1     0     0
     0    -1     2    -3     0
     0     0    -3     1    -1
     0     0     0    -1     1


(:,:,317) =

     3    -3     0     0     0
    -3     3    -1     0     0
     0    -1     3    -3     0
     0     0    -3     1    -1
     0     0     0    -1     1


(:,:,318) =

     3    -3     0     0     0
    -3     3    -1     0     0
     0    -1     1    -3     0
     0     0    -3     2    -2
     0     0     0    -2     2


(:,:,319) =

     3    -3     0     0     0
    -3     3    -1     0     0
     0    -1     2    -3     0
     0     0    -3     2    -2
     0     0     0    -2     2


(:,:,320) =

     3    -3     0     0     0
    -3     3    -1     0     0
     0    -1     3    -3     0
     0     0    -3     2    -2
     0     0     0    -2     2


(:,:,321) =

     3    -3     0     0     0
    -3     3    -1     0     0
     0    -1     1    -3     0
     0     0    -3     3    -3
     0     0     0    -3     3


(:,:,322) =

     3    -3     0     0     0
    -3     3    -1     0     0
     0    -1     2    -3     0
     0     0    -3     3    -3
     0     0     0    -3     3


(:,:,323) =

     3    -3     0     0     0
    -3     3    -1     0     0
     0    -1     3    -3     0
     0     0    -3     3    -3
     0     0     0    -3     3


(:,:,324) =

     1    -3     0     0     0
    -3     1    -2     0     0
     0    -2     1    -1     0
     0     0    -1     1    -1
     0     0     0    -1     3


(:,:,325) =

     3    -3     0     0     0
    -3     3    -2     0     0
     0    -2     1    -1     0
     0     0    -1     1    -1
     0     0     0    -1     1


(:,:,326) =

     3    -3     0     0     0
    -3     3    -2     0     0
     0    -2     2    -1     0
     0     0    -1     1    -1
     0     0     0    -1     1


(:,:,327) =

     3    -3     0     0     0
    -3     3    -2     0     0
     0    -2     3    -1     0
     0     0    -1     1    -1
     0     0     0    -1     1


(:,:,328) =

     1    -3     0     0     0
    -3     1    -2     0     0
     0    -2     1    -1     0
     0     0    -1     2    -2
     0     0     0    -2     3


(:,:,329) =

     3    -3     0     0     0
    -3     3    -2     0     0
     0    -2     1    -1     0
     0     0    -1     2    -2
     0     0     0    -2     2


(:,:,330) =

     3    -3     0     0     0
    -3     3    -2     0     0
     0    -2     2    -1     0
     0     0    -1     2    -2
     0     0     0    -2     2


(:,:,331) =

     3    -3     0     0     0
    -3     3    -2     0     0
     0    -2     3    -1     0
     0     0    -1     2    -2
     0     0     0    -2     2


(:,:,332) =

     3    -3     0     0     0
    -3     3    -2     0     0
     0    -2     1    -1     0
     0     0    -1     3    -3
     0     0     0    -3     3


(:,:,333) =

     3    -3     0     0     0
    -3     3    -2     0     0
     0    -2     2    -1     0
     0     0    -1     3    -3
     0     0     0    -3     3


(:,:,334) =

     3    -3     0     0     0
    -3     3    -2     0     0
     0    -2     3    -1     0
     0     0    -1     3    -3
     0     0     0    -3     3


(:,:,335) =

     1    -3     0     0     0
    -3     1    -2     0     0
     0    -2     1    -2     0
     0     0    -2     3    -1
     0     0     0    -1     3


(:,:,336) =

     1    -3     0     0     0
    -3     3    -2     0     0
     0    -2     2    -2     0
     0     0    -2     2    -1
     0     0     0    -1     2


(:,:,337) =

     3    -3     0     0     0
    -3     1    -2     0     0
     0    -2     2    -2     0
     0     0    -2     2    -1
     0     0     0    -1     1


(:,:,338) =

     3    -3     0     0     0
    -3     2    -2     0     0
     0    -2     2    -2     0
     0     0    -2     1    -1
     0     0     0    -1     3


(:,:,339) =

     3    -3     0     0     0
    -3     3    -2     0     0
     0    -2     1    -2     0
     0     0    -2     1    -1
     0     0     0    -1     1


(:,:,340) =

     3    -3     0     0     0
    -3     3    -2     0     0
     0    -2     2    -2     0
     0     0    -2     1    -1
     0     0     0    -1     1


(:,:,341) =

     3    -3     0     0     0
    -3     3    -2     0     0
     0    -2     3    -2     0
     0     0    -2     1    -1
     0     0     0    -1     1


(:,:,342) =

     3    -3     0     0     0
    -3     1    -2     0     0
     0    -2     2    -2     0
     0     0    -2     3    -2
     0     0     0    -2     2


(:,:,343) =

     3    -3     0     0     0
    -3     2    -2     0     0
     0    -2     2    -2     0
     0     0    -2     2    -2
     0     0     0    -2     3


(:,:,344) =

     3    -3     0     0     0
    -3     3    -2     0     0
     0    -2     1    -2     0
     0     0    -2     2    -2
     0     0     0    -2     2


(:,:,345) =

     3    -3     0     0     0
    -3     3    -2     0     0
     0    -2     2    -2     0
     0     0    -2     2    -2
     0     0     0    -2     2


(:,:,346) =

     3    -3     0     0     0
    -3     3    -2     0     0
     0    -2     3    -2     0
     0     0    -2     2    -2
     0     0     0    -2     2


(:,:,347) =

     3    -3     0     0     0
    -3     3    -2     0     0
     0    -2     1    -2     0
     0     0    -2     3    -3
     0     0     0    -3     3


(:,:,348) =

     3    -3     0     0     0
    -3     3    -2     0     0
     0    -2     2    -2     0
     0     0    -2     3    -3
     0     0     0    -3     3


(:,:,349) =

     3    -3     0     0     0
    -3     3    -2     0     0
     0    -2     3    -2     0
     0     0    -2     3    -3
     0     0     0    -3     3


(:,:,350) =

     2    -3     0     0     0
    -3     2    -2     0     0
     0    -2     2    -3     0
     0     0    -3     3    -1
     0     0     0    -1     2


(:,:,351) =

     3    -3     0     0     0
    -3     2    -2     0     0
     0    -2     2    -3     0
     0     0    -3     2    -1
     0     0     0    -1     2


(:,:,352) =

     3    -3     0     0     0
    -3     3    -2     0     0
     0    -2     1    -3     0
     0     0    -3     1    -1
     0     0     0    -1     1


(:,:,353) =

     3    -3     0     0     0
    -3     3    -2     0     0
     0    -2     2    -3     0
     0     0    -3     1    -1
     0     0     0    -1     1


(:,:,354) =

     3    -3     0     0     0
    -3     3    -2     0     0
     0    -2     3    -3     0
     0     0    -3     1    -1
     0     0     0    -1     1


(:,:,355) =

     3    -3     0     0     0
    -3     3    -2     0     0
     0    -2     1    -3     0
     0     0    -3     2    -2
     0     0     0    -2     2


(:,:,356) =

     3    -3     0     0     0
    -3     3    -2     0     0
     0    -2     2    -3     0
     0     0    -3     2    -2
     0     0     0    -2     2


(:,:,357) =

     3    -3     0     0     0
    -3     3    -2     0     0
     0    -2     3    -3     0
     0     0    -3     2    -2
     0     0     0    -2     2


(:,:,358) =

     3    -3     0     0     0
    -3     3    -2     0     0
     0    -2     1    -3     0
     0     0    -3     3    -3
     0     0     0    -3     3


(:,:,359) =

     3    -3     0     0     0
    -3     3    -2     0     0
     0    -2     2    -3     0
     0     0    -3     3    -3
     0     0     0    -3     3


(:,:,360) =

     3    -3     0     0     0
    -3     3    -2     0     0
     0    -2     3    -3     0
     0     0    -3     3    -3
     0     0     0    -3     3


(:,:,361) =

     3    -3     0     0     0
    -3     3    -3     0     0
     0    -3     1    -1     0
     0     0    -1     1    -1
     0     0     0    -1     1


(:,:,362) =

     3    -3     0     0     0
    -3     3    -3     0     0
     0    -3     2    -1     0
     0     0    -1     1    -1
     0     0     0    -1     1


(:,:,363) =

     3    -3     0     0     0
    -3     3    -3     0     0
     0    -3     3    -1     0
     0     0    -1     1    -1
     0     0     0    -1     1


(:,:,364) =

     3    -3     0     0     0
    -3     3    -3     0     0
     0    -3     1    -1     0
     0     0    -1     2    -2
     0     0     0    -2     2


(:,:,365) =

     3    -3     0     0     0
    -3     3    -3     0     0
     0    -3     2    -1     0
     0     0    -1     2    -2
     0     0     0    -2     2


(:,:,366) =

     3    -3     0     0     0
    -3     3    -3     0     0
     0    -3     3    -1     0
     0     0    -1     2    -2
     0     0     0    -2     2


(:,:,367) =

     3    -3     0     0     0
    -3     3    -3     0     0
     0    -3     1    -1     0
     0     0    -1     3    -3
     0     0     0    -3     3


(:,:,368) =

     3    -3     0     0     0
    -3     3    -3     0     0
     0    -3     2    -1     0
     0     0    -1     3    -3
     0     0     0    -3     3


(:,:,369) =

     3    -3     0     0     0
    -3     3    -3     0     0
     0    -3     3    -1     0
     0     0    -1     3    -3
     0     0     0    -3     3


(:,:,370) =

     2    -3     0     0     0
    -3     3    -3     0     0
     0    -3     2    -2     0
     0     0    -2     1    -1
     0     0     0    -1     2


(:,:,371) =

     3    -3     0     0     0
    -3     3    -3     0     0
     0    -3     1    -2     0
     0     0    -2     1    -1
     0     0     0    -1     1


(:,:,372) =

     3    -3     0     0     0
    -3     3    -3     0     0
     0    -3     2    -2     0
     0     0    -2     1    -1
     0     0     0    -1     1


(:,:,373) =

     3    -3     0     0     0
    -3     3    -3     0     0
     0    -3     3    -2     0
     0     0    -2     1    -1
     0     0     0    -1     1


(:,:,374) =

     3    -3     0     0     0
    -3     3    -3     0     0
     0    -3     1    -2     0
     0     0    -2     2    -2
     0     0     0    -2     2


(:,:,375) =

     3    -3     0     0     0
    -3     3    -3     0     0
     0    -3     2    -2     0
     0     0    -2     2    -2
     0     0     0    -2     2


(:,:,376) =

     3    -3     0     0     0
    -3     3    -3     0     0
     0    -3     3    -2     0
     0     0    -2     2    -2
     0     0     0    -2     2


(:,:,377) =

     3    -3     0     0     0
    -3     3    -3     0     0
     0    -3     1    -2     0
     0     0    -2     3    -3
     0     0     0    -3     3


(:,:,378) =

     3    -3     0     0     0
    -3     3    -3     0     0
     0    -3     2    -2     0
     0     0    -2     3    -3
     0     0     0    -3     3


(:,:,379) =

     3    -3     0     0     0
    -3     3    -3     0     0
     0    -3     3    -2     0
     0     0    -2     3    -3
     0     0     0    -3     3


(:,:,380) =

     1    -3     0     0     0
    -3     3    -3     0     0
     0    -3     3    -3     0
     0     0    -3     3    -1
     0     0     0    -1     1


(:,:,381) =

     2    -3     0     0     0
    -3     3    -3     0     0
     0    -3     3    -3     0
     0     0    -3     2    -1
     0     0     0    -1     1


(:,:,382) =

     3    -3     0     0     0
    -3     3    -3     0     0
     0    -3     1    -3     0
     0     0    -3     1    -1
     0     0     0    -1     1


(:,:,383) =

     3    -3     0     0     0
    -3     3    -3     0     0
     0    -3     2    -3     0
     0     0    -3     1    -1
     0     0     0    -1     1


(:,:,384) =

     3    -3     0     0     0
    -3     3    -3     0     0
     0    -3     3    -3     0
     0     0    -3     1    -1
     0     0     0    -1     1


(:,:,385) =

     2    -3     0     0     0
    -3     3    -3     0     0
     0    -3     3    -3     0
     0     0    -3     3    -2
     0     0     0    -2     2


(:,:,386) =

     3    -3     0     0     0
    -3     3    -3     0     0
     0    -3     1    -3     0
     0     0    -3     2    -2
     0     0     0    -2     2


(:,:,387) =

     3    -3     0     0     0
    -3     3    -3     0     0
     0    -3     2    -3     0
     0     0    -3     2    -2
     0     0     0    -2     2


(:,:,388) =

     3    -3     0     0     0
    -3     3    -3     0     0
     0    -3     3    -3     0
     0     0    -3     2    -2
     0     0     0    -2     2


(:,:,389) =

     3    -3     0     0     0
    -3     3    -3     0     0
     0    -3     1    -3     0
     0     0    -3     3    -3
     0     0     0    -3     3


(:,:,390) =

     3    -3     0     0     0
    -3     3    -3     0     0
     0    -3     2    -3     0
     0     0    -3     3    -3
     0     0     0    -3     3


(:,:,391) =

     3    -3     0     0     0
    -3     3    -3     0     0
     0    -3     3    -3     0
     0     0    -3     3    -3
     0     0     0    -3     3

