Rank: 3
     1    -1     0     0     1
    -1     2    -1     0    -1
     0    -1     2    -1     1
     0     0    -1     1    -1
     1    -1     1    -1     2

Rank: 3
     1    -1     0     0    -1
    -1     2    -1     0     1
     0    -1     2    -1     1
     0     0    -1     1    -1
    -1     1     1    -1     2

Rank: 3
     1    -1     0     0     1
    -1     2    -1     0    -1
     0    -1     2    -1    -1
     0     0    -1     1     1
     1    -1    -1     1     2

Rank: 3
     1    -1     0     0    -1
    -1     2    -1     0     1
     0    -1     2    -1    -1
     0     0    -1     1     1
    -1     1    -1     1     2

Rank: 3
     1    -1     0     0     1
    -1     2    -1     0    -2
     0    -1     2    -1     2
     0     0    -1     1    -1
     1    -2     2    -1     3

Rank: 3
     1    -1     0     0    -1
    -1     2    -1     0     2
     0    -1     2    -1    -2
     0     0    -1     1     1
    -1     2    -2     1     3

Rank: 3
     1    -1     0     0     1
    -1     2    -1     0    -1
     0    -1     2    -1     2
     0     0    -1     1    -2
     1    -1     2    -2     5

Rank: 3
     1    -1     0     0    -1
    -1     2    -1     0     1
     0    -1     2    -1     2
     0     0    -1     1    -2
    -1     1     2    -2     5

Rank: 3
     1    -1     0     0     2
    -1     2    -1     0    -2
     0    -1     2    -1     1
     0     0    -1     1    -1
     2    -2     1    -1     5

Rank: 3
     1    -1     0     0    -2
    -1     2    -1     0     2
     0    -1     2    -1     1
     0     0    -1     1    -1
    -2     2     1    -1     5

Rank: 3
     1    -1     0     0     2
    -1     2    -1     0    -2
     0    -1     2    -1    -1
     0     0    -1     1     1
     2    -2    -1     1     5

Rank: 3
     1    -1     0     0    -2
    -1     2    -1     0     2
     0    -1     2    -1    -1
     0     0    -1     1     1
    -2     2    -1     1     5

Rank: 3
     1    -1     0     0     1
    -1     2    -1     0    -1
     0    -1     2    -1    -2
     0     0    -1     1     2
     1    -1    -2     2     5

Rank: 3
     1    -1     0     0    -1
    -1     2    -1     0     1
     0    -1     2    -1    -2
     0     0    -1     1     2
    -1     1    -2     2     5

Rank: 3
     1    -1     0     0    -1
    -1     2    -1     0     2
     0    -1     2    -1     1
     0     0    -1     1    -2
    -1     2     1    -2     6

Rank: 3
     1    -1     0     0     1
    -1     2    -1     0    -2
     0    -1     2    -1     3
     0     0    -1     1    -2
     1    -2     3    -2     6

Rank: 3
     1    -1     0     0     1
    -1     2    -1     0     1
     0    -1     2    -1    -1
     0     0    -1     1    -1
     1     1    -1    -1     6

Rank: 3
     1    -1     0     0    -1
    -1     2    -1     0     3
     0    -1     2    -1    -1
     0     0    -1     1    -1
    -1     3    -1    -1     6

Rank: 3
     1    -1     0     0     2
    -1     2    -1     0    -3
     0    -1     2    -1     2
     0     0    -1     1    -1
     2    -3     2    -1     6

Rank: 3
     1    -1     0     0    -2
    -1     2    -1     0     1
     0    -1     2    -1     2
     0     0    -1     1    -1
    -2     1     2    -1     6

Rank: 3
     1    -1     0     0     1
    -1     2    -1     0    -3
     0    -1     2    -1     3
     0     0    -1     1    -1
     1    -3     3    -1     6

Rank: 3
     1    -1     0     0    -1
    -1     2    -1     0    -1
     0    -1     2    -1     3
     0     0    -1     1    -1
    -1    -1     3    -1     6

Rank: 3
     1    -1     0     0     1
    -1     2    -1     0     1
     0    -1     2    -1    -3
     0     0    -1     1     1
     1     1    -3     1     6

Rank: 3
     1    -1     0     0    -1
    -1     2    -1     0     3
     0    -1     2    -1    -3
     0     0    -1     1     1
    -1     3    -3     1     6

Rank: 3
     1    -1     0     0     2
    -1     2    -1     0    -1
     0    -1     2    -1    -2
     0     0    -1     1     1
     2    -1    -2     1     6

Rank: 3
     1    -1     0     0    -2
    -1     2    -1     0     3
     0    -1     2    -1    -2
     0     0    -1     1     1
    -2     3    -2     1     6

Rank: 3
     1    -1     0     0     1
    -1     2    -1     0    -3
     0    -1     2    -1     1
     0     0    -1     1     1
     1    -3     1     1     6

Rank: 3
     1    -1     0     0    -1
    -1     2    -1     0    -1
     0    -1     2    -1     1
     0     0    -1     1     1
    -1    -1     1     1     6

Rank: 3
     1    -1     0     0    -1
    -1     2    -1     0     2
     0    -1     2    -1    -3
     0     0    -1     1     2
    -1     2    -3     2     6

Rank: 3
     1    -1     0     0     1
    -1     2    -1     0    -2
     0    -1     2    -1    -1
     0     0    -1     1     2
     1    -2    -1     2     6

Rank: 3
     1    -1     0     0     2
    -1     2    -1     0    -2
     0    -1     2    -1     2
     0     0    -1     1    -2
     2    -2     2    -2     8

Rank: 3
     1    -1     0     0    -2
    -1     2    -1     0     2
     0    -1     2    -1     2
     0     0    -1     1    -2
    -2     2     2    -2     8

Rank: 3
     1    -1     0     0     2
    -1     2    -1     0    -2
     0    -1     2    -1    -2
     0     0    -1     1     2
     2    -2    -2     2     8

Rank: 3
     1    -1     0     0    -2
    -1     2    -1     0     2
     0    -1     2    -1    -2
     0     0    -1     1     2
    -2     2    -2     2     8

Rank: 3
     1    -1     0     0     2
    -1     2    -1     0    -1
     0    -1     2    -1     1
     0     0    -1     1    -2
     2    -1     1    -2     9

Rank: 3
     1    -1     0     0    -2
    -1     2    -1     0     3
     0    -1     2    -1     1
     0     0    -1     1    -2
    -2     3     1    -2     9

Rank: 3
     1    -1     0     0     2
    -1     2    -1     0    -3
     0    -1     2    -1     3
     0     0    -1     1    -2
     2    -3     3    -2     9

Rank: 3
     1    -1     0     0    -2
    -1     2    -1     0     1
     0    -1     2    -1     3
     0     0    -1     1    -2
    -2     1     3    -2     9

Rank: 3
     1    -1     0     0     1
    -1     2    -1     0    -3
     0    -1     2    -1     4
     0     0    -1     1    -2
     1    -3     4    -2     9

Rank: 3
     1    -1     0     0    -1
    -1     2    -1     0    -1
     0    -1     2    -1     4
     0     0    -1     1    -2
    -1    -1     4    -2     9

Rank: 3
     1    -1     0     0    -2
    -1     2    -1     0     4
     0    -1     2    -1    -1
     0     0    -1     1    -1
    -2     4    -1    -1     9

Rank: 3
     1    -1     0     0     2
    -1     2    -1     0    -4
     0    -1     2    -1     3
     0     0    -1     1    -1
     2    -4     3    -1     9

Rank: 3
     1    -1     0     0    -2
    -1     2    -1     0     4
     0    -1     2    -1    -3
     0     0    -1     1     1
    -2     4    -3     1     9

Rank: 3
     1    -1     0     0     2
    -1     2    -1     0    -4
     0    -1     2    -1     1
     0     0    -1     1     1
     2    -4     1     1     9

Rank: 3
     1    -1     0     0     1
    -1     2    -1     0     1
     0    -1     2    -1    -4
     0     0    -1     1     2
     1     1    -4     2     9

Rank: 3
     1    -1     0     0    -1
    -1     2    -1     0     3
     0    -1     2    -1    -4
     0     0    -1     1     2
    -1     3    -4     2     9

Rank: 3
     1    -1     0     0     2
    -1     2    -1     0    -1
     0    -1     2    -1    -3
     0     0    -1     1     2
     2    -1    -3     2     9

Rank: 3
     1    -1     0     0    -2
    -1     2    -1     0     3
     0    -1     2    -1    -3
     0     0    -1     1     2
    -2     3    -3     2     9

Rank: 3
     1    -1     0     0     2
    -1     2    -1     0    -3
     0    -1     2    -1    -1
     0     0    -1     1     2
     2    -3    -1     2     9

Rank: 3
     1    -1     0     0    -2
    -1     2    -1     0     1
     0    -1     2    -1    -1
     0     0    -1     1     2
    -2     1    -1     2     9

Rank: 3
     1    -1     0     0     1
    -1     2    -1     0    -1
     0    -1     2    -1     3
     0     0    -1     1    -3
     1    -1     3    -3    10

Rank: 3
     1    -1     0     0    -1
    -1     2    -1     0     1
     0    -1     2    -1     3
     0     0    -1     1    -3
    -1     1     3    -3    10

Rank: 3
     1    -1     0     0     3
    -1     2    -1     0    -3
     0    -1     2    -1     1
     0     0    -1     1    -1
     3    -3     1    -1    10

Rank: 3
     1    -1     0     0    -3
    -1     2    -1     0     3
     0    -1     2    -1     1
     0     0    -1     1    -1
    -3     3     1    -1    10

Rank: 3
     1    -1     0     0     3
    -1     2    -1     0    -3
     0    -1     2    -1    -1
     0     0    -1     1     1
     3    -3    -1     1    10

Rank: 3
     1    -1     0     0    -3
    -1     2    -1     0     3
     0    -1     2    -1    -1
     0     0    -1     1     1
    -3     3    -1     1    10

Rank: 3
     1    -1     0     0     1
    -1     2    -1     0    -1
     0    -1     2    -1    -3
     0     0    -1     1     3
     1    -1    -3     3    10

Rank: 3
     1    -1     0     0    -1
    -1     2    -1     0     1
     0    -1     2    -1    -3
     0     0    -1     1     3
    -1     1    -3     3    10

Rank: 3
     1    -1     0     0    -1
    -1     2    -1     0     2
     0    -1     2    -1     2
     0     0    -1     1    -3
    -1     2     2    -3    11

Rank: 3
     1    -1     0     0     1
    -1     2    -1     0    -2
     0    -1     2    -1     4
     0     0    -1     1    -3
     1    -2     4    -3    11

Rank: 3
     1    -1     0     0     1
    -1     2    -1     0     2
     0    -1     2    -1    -2
     0     0    -1     1    -1
     1     2    -2    -1    11

Rank: 3
     1    -1     0     0    -1
    -1     2    -1     0     4
     0    -1     2    -1    -2
     0     0    -1     1    -1
    -1     4    -2    -1    11

Rank: 3
     1    -1     0     0     3
    -1     2    -1     0    -4
     0    -1     2    -1     2
     0     0    -1     1    -1
     3    -4     2    -1    11

Rank: 3
     1    -1     0     0    -3
    -1     2    -1     0     2
     0    -1     2    -1     2
     0     0    -1     1    -1
    -3     2     2    -1    11

Rank: 3
     1    -1     0     0     1
    -1     2    -1     0    -4
     0    -1     2    -1     4
     0     0    -1     1    -1
     1    -4     4    -1    11

Rank: 3
     1    -1     0     0    -1
    -1     2    -1     0    -2
     0    -1     2    -1     4
     0     0    -1     1    -1
    -1    -2     4    -1    11

Rank: 3
     1    -1     0     0     1
    -1     2    -1     0     2
     0    -1     2    -1    -4
     0     0    -1     1     1
     1     2    -4     1    11

Rank: 3
     1    -1     0     0    -1
    -1     2    -1     0     4
     0    -1     2    -1    -4
     0     0    -1     1     1
    -1     4    -4     1    11

Rank: 3
     1    -1     0     0     3
    -1     2    -1     0    -2
     0    -1     2    -1    -2
     0     0    -1     1     1
     3    -2    -2     1    11

Rank: 3
     1    -1     0     0    -3
    -1     2    -1     0     4
     0    -1     2    -1    -2
     0     0    -1     1     1
    -3     4    -2     1    11

Rank: 3
     1    -1     0     0     1
    -1     2    -1     0    -4
     0    -1     2    -1     2
     0     0    -1     1     1
     1    -4     2     1    11

Rank: 3
     1    -1     0     0    -1
    -1     2    -1     0    -2
     0    -1     2    -1     2
     0     0    -1     1     1
    -1    -2     2     1    11

Rank: 3
     1    -1     0     0    -1
    -1     2    -1     0     2
     0    -1     2    -1    -4
     0     0    -1     1     3
    -1     2    -4     3    11

Rank: 3
     1    -1     0     0     1
    -1     2    -1     0    -2
     0    -1     2    -1    -2
     0     0    -1     1     3
     1    -2    -2     3    11

Rank: 3
     1    -1     0     0     2
    -1     2    -1     0    -4
     0    -1     2    -1     4
     0     0    -1     1    -2
     2    -4     4    -2    12

Rank: 3
     1    -1     0     0    -2
    -1     2    -1     0     4
     0    -1     2    -1    -4
     0     0    -1     1     2
    -2     4    -4     2    12

Rank: 3
     1    -1     0     0     2
    -1     2    -1     0    -2
     0    -1     2    -1     3
     0     0    -1     1    -3
     2    -2     3    -3    13

Rank: 3
     1    -1     0     0    -2
    -1     2    -1     0     2
     0    -1     2    -1     3
     0     0    -1     1    -3
    -2     2     3    -3    13

Rank: 3
     1    -1     0     0     3
    -1     2    -1     0    -3
     0    -1     2    -1     2
     0     0    -1     1    -2
     3    -3     2    -2    13

Rank: 3
     1    -1     0     0    -3
    -1     2    -1     0     3
     0    -1     2    -1     2
     0     0    -1     1    -2
    -3     3     2    -2    13

Rank: 3
     1    -1     0     0     3
    -1     2    -1     0    -3
     0    -1     2    -1    -2
     0     0    -1     1     2
     3    -3    -2     2    13

Rank: 3
     1    -1     0     0    -3
    -1     2    -1     0     3
     0    -1     2    -1    -2
     0     0    -1     1     2
    -3     3    -2     2    13

Rank: 3
     1    -1     0     0     2
    -1     2    -1     0    -2
     0    -1     2    -1    -3
     0     0    -1     1     3
     2    -2    -3     3    13

Rank: 3
     1    -1     0     0    -2
    -1     2    -1     0     2
     0    -1     2    -1    -3
     0     0    -1     1     3
    -2     2    -3     3    13

Rank: 3
     1    -1     0     0     1
    -1     2    -1     0     1
     0    -1     2    -1     1
     0     0    -1     1    -3
     1     1     1    -3    14

Rank: 3
     1    -1     0     0    -1
    -1     2    -1     0     3
     0    -1     2    -1     1
     0     0    -1     1    -3
    -1     3     1    -3    14

Rank: 3
     1    -1     0     0     2
    -1     2    -1     0    -1
     0    -1     2    -1     2
     0     0    -1     1    -3
     2    -1     2    -3    14

Rank: 3
     1    -1     0     0    -2
    -1     2    -1     0     3
     0    -1     2    -1     2
     0     0    -1     1    -3
    -2     3     2    -3    14

Rank: 3
     1    -1     0     0     2
    -1     2    -1     0    -3
     0    -1     2    -1     4
     0     0    -1     1    -3
     2    -3     4    -3    14

Rank: 3
     1    -1     0     0    -2
    -1     2    -1     0     1
     0    -1     2    -1     4
     0     0    -1     1    -3
    -2     1     4    -3    14

Rank: 3
     1    -1     0     0     1
    -1     2    -1     0    -3
     0    -1     2    -1     5
     0     0    -1     1    -3
     1    -3     5    -3    14

Rank: 3
     1    -1     0     0    -1
    -1     2    -1     0    -1
     0    -1     2    -1     5
     0     0    -1     1    -3
    -1    -1     5    -3    14

Rank: 3
     1    -1     0     0     1
    -1     2    -1     0     2
     0    -1     2    -1    -1
     0     0    -1     1    -2
     1     2    -1    -2    14

Rank: 3
     1    -1     0     0    -1
    -1     2    -1     0     4
     0    -1     2    -1    -1
     0     0    -1     1    -2
    -1     4    -1    -2    14

Rank: 3
     1    -1     0     0     3
    -1     2    -1     0    -2
     0    -1     2    -1     1
     0     0    -1     1    -2
     3    -2     1    -2    14

Rank: 3
     1    -1     0     0    -3
    -1     2    -1     0     4
     0    -1     2    -1     1
     0     0    -1     1    -2
    -3     4     1    -2    14

Rank: 3
     1    -1     0     0     3
    -1     2    -1     0    -4
     0    -1     2    -1     3
     0     0    -1     1    -2
     3    -4     3    -2    14

Rank: 3
     1    -1     0     0    -3
    -1     2    -1     0     2
     0    -1     2    -1     3
     0     0    -1     1    -2
    -3     2     3    -2    14

Rank: 3
     1    -1     0     0     1
    -1     2    -1     0    -4
     0    -1     2    -1     5
     0     0    -1     1    -2
     1    -4     5    -2    14

Rank: 3
     1    -1     0     0    -1
    -1     2    -1     0    -2
     0    -1     2    -1     5
     0     0    -1     1    -2
    -1    -2     5    -2    14

Rank: 3
     1    -1     0     0     2
    -1     2    -1     0     1
     0    -1     2    -1    -2
     0     0    -1     1    -1
     2     1    -2    -1    14

Rank: 3
     1    -1     0     0    -2
    -1     2    -1     0     5
     0    -1     2    -1    -2
     0     0    -1     1    -1
    -2     5    -2    -1    14

Rank: 3
     1    -1     0     0     3
    -1     2    -1     0    -1
     0    -1     2    -1    -1
     0     0    -1     1    -1
     3    -1    -1    -1    14

Rank: 3
     1    -1     0     0    -3
    -1     2    -1     0     5
     0    -1     2    -1    -1
     0     0    -1     1    -1
    -3     5    -1    -1    14

Rank: 3
     1    -1     0     0     3
    -1     2    -1     0    -5
     0    -1     2    -1     3
     0     0    -1     1    -1
     3    -5     3    -1    14

Rank: 3
     1    -1     0     0    -3
    -1     2    -1     0     1
     0    -1     2    -1     3
     0     0    -1     1    -1
    -3     1     3    -1    14

Rank: 3
     1    -1     0     0     2
    -1     2    -1     0    -5
     0    -1     2    -1     4
     0     0    -1     1    -1
     2    -5     4    -1    14

Rank: 3
     1    -1     0     0    -2
    -1     2    -1     0    -1
     0    -1     2    -1     4
     0     0    -1     1    -1
    -2    -1     4    -1    14

Rank: 3
     1    -1     0     0     2
    -1     2    -1     0     1
     0    -1     2    -1    -4
     0     0    -1     1     1
     2     1    -4     1    14

Rank: 3
     1    -1     0     0    -2
    -1     2    -1     0     5
     0    -1     2    -1    -4
     0     0    -1     1     1
    -2     5    -4     1    14

Rank: 3
     1    -1     0     0     3
    -1     2    -1     0    -1
     0    -1     2    -1    -3
     0     0    -1     1     1
     3    -1    -3     1    14

Rank: 3
     1    -1     0     0    -3
    -1     2    -1     0     5
     0    -1     2    -1    -3
     0     0    -1     1     1
    -3     5    -3     1    14

Rank: 3
     1    -1     0     0     3
    -1     2    -1     0    -5
     0    -1     2    -1     1
     0     0    -1     1     1
     3    -5     1     1    14

Rank: 3
     1    -1     0     0    -3
    -1     2    -1     0     1
     0    -1     2    -1     1
     0     0    -1     1     1
    -3     1     1     1    14

Rank: 3
     1    -1     0     0     2
    -1     2    -1     0    -5
     0    -1     2    -1     2
     0     0    -1     1     1
     2    -5     2     1    14

Rank: 3
     1    -1     0     0    -2
    -1     2    -1     0    -1
     0    -1     2    -1     2
     0     0    -1     1     1
    -2    -1     2     1    14

Rank: 3
     1    -1     0     0     1
    -1     2    -1     0     2
     0    -1     2    -1    -5
     0     0    -1     1     2
     1     2    -5     2    14

Rank: 3
     1    -1     0     0    -1
    -1     2    -1     0     4
     0    -1     2    -1    -5
     0     0    -1     1     2
    -1     4    -5     2    14

Rank: 3
     1    -1     0     0     3
    -1     2    -1     0    -2
     0    -1     2    -1    -3
     0     0    -1     1     2
     3    -2    -3     2    14

Rank: 3
     1    -1     0     0    -3
    -1     2    -1     0     4
     0    -1     2    -1    -3
     0     0    -1     1     2
    -3     4    -3     2    14

Rank: 3
     1    -1     0     0     3
    -1     2    -1     0    -4
     0    -1     2    -1    -1
     0     0    -1     1     2
     3    -4    -1     2    14

Rank: 3
     1    -1     0     0    -3
    -1     2    -1     0     2
     0    -1     2    -1    -1
     0     0    -1     1     2
    -3     2    -1     2    14

Rank: 3
     1    -1     0     0     1
    -1     2    -1     0    -4
     0    -1     2    -1     1
     0     0    -1     1     2
     1    -4     1     2    14

Rank: 3
     1    -1     0     0    -1
    -1     2    -1     0    -2
     0    -1     2    -1     1
     0     0    -1     1     2
    -1    -2     1     2    14

Rank: 3
     1    -1     0     0     1
    -1     2    -1     0     1
     0    -1     2    -1    -5
     0     0    -1     1     3
     1     1    -5     3    14

Rank: 3
     1    -1     0     0    -1
    -1     2    -1     0     3
     0    -1     2    -1    -5
     0     0    -1     1     3
    -1     3    -5     3    14

Rank: 3
     1    -1     0     0     2
    -1     2    -1     0    -1
     0    -1     2    -1    -4
     0     0    -1     1     3
     2    -1    -4     3    14

Rank: 3
     1    -1     0     0    -2
    -1     2    -1     0     3
     0    -1     2    -1    -4
     0     0    -1     1     3
    -2     3    -4     3    14

Rank: 3
     1    -1     0     0     2
    -1     2    -1     0    -3
     0    -1     2    -1    -2
     0     0    -1     1     3
     2    -3    -2     3    14

Rank: 3
     1    -1     0     0    -2
    -1     2    -1     0     1
     0    -1     2    -1    -2
     0     0    -1     1     3
    -2     1    -2     3    14

Rank: 3
     1    -1     0     0     1
    -1     2    -1     0    -3
     0    -1     2    -1    -1
     0     0    -1     1     3
     1    -3    -1     3    14

Rank: 3
     1    -1     0     0    -1
    -1     2    -1     0    -1
     0    -1     2    -1    -1
     0     0    -1     1     3
    -1    -1    -1     3    14

Rank: 3
     1    -1     0     0     1
    -1     2    -1     0    -1
     0    -1     2    -1     4
     0     0    -1     1    -4
     1    -1     4    -4    17

Rank: 3
     1    -1     0     0    -1
    -1     2    -1     0     1
     0    -1     2    -1     4
     0     0    -1     1    -4
    -1     1     4    -4    17

Rank: 3
     1    -1     0     0    -2
    -1     2    -1     0     4
     0    -1     2    -1     1
     0     0    -1     1    -3
    -2     4     1    -3    17

Rank: 3
     1    -1     0     0     2
    -1     2    -1     0    -4
     0    -1     2    -1     5
     0     0    -1     1    -3
     2    -4     5    -3    17

Rank: 3
     1    -1     0     0     2
    -1     2    -1     0     1
     0    -1     2    -1    -1
     0     0    -1     1    -2
     2     1    -1    -2    17

Rank: 3
     1    -1     0     0    -2
    -1     2    -1     0     5
     0    -1     2    -1    -1
     0     0    -1     1    -2
    -2     5    -1    -2    17

Rank: 3
     1    -1     0     0     3
    -1     2    -1     0    -5
     0    -1     2    -1     4
     0     0    -1     1    -2
     3    -5     4    -2    17

Rank: 3
     1    -1     0     0    -3
    -1     2    -1     0     1
     0    -1     2    -1     4
     0     0    -1     1    -2
    -3     1     4    -2    17

Rank: 3
     1    -1     0     0     2
    -1     2    -1     0    -5
     0    -1     2    -1     5
     0     0    -1     1    -2
     2    -5     5    -2    17

Rank: 3
     1    -1     0     0    -2
    -1     2    -1     0    -1
     0    -1     2    -1     5
     0     0    -1     1    -2
    -2    -1     5    -2    17

Rank: 3
     1    -1     0     0     4
    -1     2    -1     0    -4
     0    -1     2    -1     1
     0     0    -1     1    -1
     4    -4     1    -1    17

Rank: 3
     1    -1     0     0    -4
    -1     2    -1     0     4
     0    -1     2    -1     1
     0     0    -1     1    -1
    -4     4     1    -1    17

Rank: 3
     1    -1     0     0     4
    -1     2    -1     0    -4
     0    -1     2    -1    -1
     0     0    -1     1     1
     4    -4    -1     1    17

Rank: 3
     1    -1     0     0    -4
    -1     2    -1     0     4
     0    -1     2    -1    -1
     0     0    -1     1     1
    -4     4    -1     1    17

Rank: 3
     1    -1     0     0     2
    -1     2    -1     0     1
     0    -1     2    -1    -5
     0     0    -1     1     2
     2     1    -5     2    17

Rank: 3
     1    -1     0     0    -2
    -1     2    -1     0     5
     0    -1     2    -1    -5
     0     0    -1     1     2
    -2     5    -5     2    17

Rank: 3
     1    -1     0     0     3
    -1     2    -1     0    -1
     0    -1     2    -1    -4
     0     0    -1     1     2
     3    -1    -4     2    17

Rank: 3
     1    -1     0     0    -3
    -1     2    -1     0     5
     0    -1     2    -1    -4
     0     0    -1     1     2
    -3     5    -4     2    17

Rank: 3
     1    -1     0     0     2
    -1     2    -1     0    -5
     0    -1     2    -1     1
     0     0    -1     1     2
     2    -5     1     2    17

Rank: 3
     1    -1     0     0    -2
    -1     2    -1     0    -1
     0    -1     2    -1     1
     0     0    -1     1     2
    -2    -1     1     2    17

Rank: 3
     1    -1     0     0    -2
    -1     2    -1     0     4
     0    -1     2    -1    -5
     0     0    -1     1     3
    -2     4    -5     3    17

Rank: 3
     1    -1     0     0     2
    -1     2    -1     0    -4
     0    -1     2    -1    -1
     0     0    -1     1     3
     2    -4    -1     3    17

Rank: 3
     1    -1     0     0     1
    -1     2    -1     0    -1
     0    -1     2    -1    -4
     0     0    -1     1     4
     1    -1    -4     4    17

Rank: 3
     1    -1     0     0    -1
    -1     2    -1     0     1
     0    -1     2    -1    -4
     0     0    -1     1     4
    -1     1    -4     4    17

Rank: 3
     1    -1     0     0    -1
    -1     2    -1     0     2
     0    -1     2    -1     3
     0     0    -1     1    -4
    -1     2     3    -4    18

Rank: 3
     1    -1     0     0     1
    -1     2    -1     0    -2
     0    -1     2    -1     5
     0     0    -1     1    -4
     1    -2     5    -4    18

Rank: 3
     1    -1     0     0     3
    -1     2    -1     0    -3
     0    -1     2    -1     3
     0     0    -1     1    -3
     3    -3     3    -3    18

Rank: 3
     1    -1     0     0    -3
    -1     2    -1     0     3
     0    -1     2    -1     3
     0     0    -1     1    -3
    -3     3     3    -3    18

Rank: 3
     1    -1     0     0     1
    -1     2    -1     0     3
     0    -1     2    -1    -3
     0     0    -1     1    -1
     1     3    -3    -1    18

Rank: 3
     1    -1     0     0    -1
    -1     2    -1     0     5
     0    -1     2    -1    -3
     0     0    -1     1    -1
    -1     5    -3    -1    18

Rank: 3
     1    -1     0     0     4
    -1     2    -1     0    -5
     0    -1     2    -1     2
     0     0    -1     1    -1
     4    -5     2    -1    18

Rank: 3
     1    -1     0     0    -4
    -1     2    -1     0     3
     0    -1     2    -1     2
     0     0    -1     1    -1
    -4     3     2    -1    18

Rank: 3
     1    -1     0     0     1
    -1     2    -1     0    -5
     0    -1     2    -1     5
     0     0    -1     1    -1
     1    -5     5    -1    18

Rank: 3
     1    -1     0     0    -1
    -1     2    -1     0    -3
     0    -1     2    -1     5
     0     0    -1     1    -1
    -1    -3     5    -1    18

Rank: 3
     1    -1     0     0     1
    -1     2    -1     0     3
     0    -1     2    -1    -5
     0     0    -1     1     1
     1     3    -5     1    18

Rank: 3
     1    -1     0     0    -1
    -1     2    -1     0     5
     0    -1     2    -1    -5
     0     0    -1     1     1
    -1     5    -5     1    18

Rank: 3
     1    -1     0     0     4
    -1     2    -1     0    -3
     0    -1     2    -1    -2
     0     0    -1     1     1
     4    -3    -2     1    18

Rank: 3
     1    -1     0     0    -4
    -1     2    -1     0     5
     0    -1     2    -1    -2
     0     0    -1     1     1
    -4     5    -2     1    18

Rank: 3
     1    -1     0     0     1
    -1     2    -1     0    -5
     0    -1     2    -1     3
     0     0    -1     1     1
     1    -5     3     1    18

Rank: 3
     1    -1     0     0    -1
    -1     2    -1     0    -3
     0    -1     2    -1     3
     0     0    -1     1     1
    -1    -3     3     1    18

Rank: 3
     1    -1     0     0     3
    -1     2    -1     0    -3
     0    -1     2    -1    -3
     0     0    -1     1     3
     3    -3    -3     3    18

Rank: 3
     1    -1     0     0    -3
    -1     2    -1     0     3
     0    -1     2    -1    -3
     0     0    -1     1     3
    -3     3    -3     3    18

Rank: 3
     1    -1     0     0    -1
    -1     2    -1     0     2
     0    -1     2    -1    -5
     0     0    -1     1     4
    -1     2    -5     4    18

Rank: 3
     1    -1     0     0     1
    -1     2    -1     0    -2
     0    -1     2    -1    -3
     0     0    -1     1     4
     1    -2    -3     4    18

Rank: 3
     1    -1     0     0     3
    -1     2    -1     0    -2
     0    -1     2    -1     2
     0     0    -1     1    -3
     3    -2     2    -3    19

Rank: 3
     1    -1     0     0    -3
    -1     2    -1     0     4
     0    -1     2    -1     2
     0     0    -1     1    -3
    -3     4     2    -3    19

Rank: 3
     1    -1     0     0     3
    -1     2    -1     0    -4
     0    -1     2    -1     4
     0     0    -1     1    -3
     3    -4     4    -3    19

Rank: 3
     1    -1     0     0    -3
    -1     2    -1     0     2
     0    -1     2    -1     4
     0     0    -1     1    -3
    -3     2     4    -3    19

Rank: 3
     1    -1     0     0     1
    -1     2    -1     0    -4
     0    -1     2    -1     6
     0     0    -1     1    -3
     1    -4     6    -3    19

Rank: 3
     1    -1     0     0    -1
    -1     2    -1     0    -2
     0    -1     2    -1     6
     0     0    -1     1    -3
    -1    -2     6    -3    19

Rank: 3
     1    -1     0     0    -3
    -1     2    -1     0     6
     0    -1     2    -1    -2
     0     0    -1     1    -1
    -3     6    -2    -1    19

Rank: 3
     1    -1     0     0     3
    -1     2    -1     0    -6
     0    -1     2    -1     4
     0     0    -1     1    -1
     3    -6     4    -1    19

Rank: 3
     1    -1     0     0    -3
    -1     2    -1     0     6
     0    -1     2    -1    -4
     0     0    -1     1     1
    -3     6    -4     1    19

Rank: 3
     1    -1     0     0     3
    -1     2    -1     0    -6
     0    -1     2    -1     2
     0     0    -1     1     1
     3    -6     2     1    19

Rank: 3
     1    -1     0     0     1
    -1     2    -1     0     2
     0    -1     2    -1    -6
     0     0    -1     1     3
     1     2    -6     3    19

Rank: 3
     1    -1     0     0    -1
    -1     2    -1     0     4
     0    -1     2    -1    -6
     0     0    -1     1     3
    -1     4    -6     3    19

Rank: 3
     1    -1     0     0     3
    -1     2    -1     0    -2
     0    -1     2    -1    -4
     0     0    -1     1     3
     3    -2    -4     3    19

Rank: 3
     1    -1     0     0    -3
    -1     2    -1     0     4
     0    -1     2    -1    -4
     0     0    -1     1     3
    -3     4    -4     3    19

Rank: 3
     1    -1     0     0     3
    -1     2    -1     0    -4
     0    -1     2    -1    -2
     0     0    -1     1     3
     3    -4    -2     3    19

Rank: 3
     1    -1     0     0    -3
    -1     2    -1     0     2
     0    -1     2    -1    -2
     0     0    -1     1     3
    -3     2    -2     3    19

Rank: 3
     1    -1     0     0     2
    -1     2    -1     0    -2
     0    -1     2    -1     4
     0     0    -1     1    -4
     2    -2     4    -4    20

Rank: 3
     1    -1     0     0    -2
    -1     2    -1     0     2
     0    -1     2    -1     4
     0     0    -1     1    -4
    -2     2     4    -4    20

Rank: 3
     1    -1     0     0     4
    -1     2    -1     0    -4
     0    -1     2    -1     2
     0     0    -1     1    -2
     4    -4     2    -2    20

Rank: 3
     1    -1     0     0    -4
    -1     2    -1     0     4
     0    -1     2    -1     2
     0     0    -1     1    -2
    -4     4     2    -2    20

Rank: 3
     1    -1     0     0     4
    -1     2    -1     0    -4
     0    -1     2    -1    -2
     0     0    -1     1     2
     4    -4    -2     2    20

Rank: 3
     1    -1     0     0    -4
    -1     2    -1     0     4
     0    -1     2    -1    -2
     0     0    -1     1     2
    -4     4    -2     2    20

Rank: 3
     1    -1     0     0     2
    -1     2    -1     0    -2
     0    -1     2    -1    -4
     0     0    -1     1     4
     2    -2    -4     4    20

Rank: 3
     1    -1     0     0    -2
    -1     2    -1     0     2
     0    -1     2    -1    -4
     0     0    -1     1     4
    -2     2    -4     4    20

Rank: 3
     1    -1     0     0     1
    -1     2    -1     0     1
     0    -1     2    -1     2
     0     0    -1     1    -4
     1     1     2    -4    21

Rank: 3
     1    -1     0     0    -1
    -1     2    -1     0     3
     0    -1     2    -1     2
     0     0    -1     1    -4
    -1     3     2    -4    21

Rank: 3
     1    -1     0     0     2
    -1     2    -1     0    -1
     0    -1     2    -1     3
     0     0    -1     1    -4
     2    -1     3    -4    21

Rank: 3
     1    -1     0     0    -2
    -1     2    -1     0     3
     0    -1     2    -1     3
     0     0    -1     1    -4
    -2     3     3    -4    21

Rank: 3
     1    -1     0     0     2
    -1     2    -1     0    -3
     0    -1     2    -1     5
     0     0    -1     1    -4
     2    -3     5    -4    21

Rank: 3
     1    -1     0     0    -2
    -1     2    -1     0     1
     0    -1     2    -1     5
     0     0    -1     1    -4
    -2     1     5    -4    21

Rank: 3
     1    -1     0     0     1
    -1     2    -1     0    -3
     0    -1     2    -1     6
     0     0    -1     1    -4
     1    -3     6    -4    21

Rank: 3
     1    -1     0     0    -1
    -1     2    -1     0    -1
     0    -1     2    -1     6
     0     0    -1     1    -4
    -1    -1     6    -4    21

Rank: 3
     1    -1     0     0     1
    -1     2    -1     0     3
     0    -1     2    -1    -2
     0     0    -1     1    -2
     1     3    -2    -2    21

Rank: 3
     1    -1     0     0    -1
    -1     2    -1     0     5
     0    -1     2    -1    -2
     0     0    -1     1    -2
    -1     5    -2    -2    21

Rank: 3
     1    -1     0     0     4
    -1     2    -1     0    -3
     0    -1     2    -1     1
     0     0    -1     1    -2
     4    -3     1    -2    21

Rank: 3
     1    -1     0     0    -4
    -1     2    -1     0     5
     0    -1     2    -1     1
     0     0    -1     1    -2
    -4     5     1    -2    21

Rank: 3
     1    -1     0     0     4
    -1     2    -1     0    -5
     0    -1     2    -1     3
     0     0    -1     1    -2
     4    -5     3    -2    21

Rank: 3
     1    -1     0     0    -4
    -1     2    -1     0     3
     0    -1     2    -1     3
     0     0    -1     1    -2
    -4     3     3    -2    21

Rank: 3
     1    -1     0     0     1
    -1     2    -1     0    -5
     0    -1     2    -1     6
     0     0    -1     1    -2
     1    -5     6    -2    21

Rank: 3
     1    -1     0     0    -1
    -1     2    -1     0    -3
     0    -1     2    -1     6
     0     0    -1     1    -2
    -1    -3     6    -2    21

Rank: 3
     1    -1     0     0     2
    -1     2    -1     0     2
     0    -1     2    -1    -3
     0     0    -1     1    -1
     2     2    -3    -1    21

Rank: 3
     1    -1     0     0    -2
    -1     2    -1     0     6
     0    -1     2    -1    -3
     0     0    -1     1    -1
    -2     6    -3    -1    21

Rank: 3
     1    -1     0     0     4
    -1     2    -1     0    -2
     0    -1     2    -1    -1
     0     0    -1     1    -1
     4    -2    -1    -1    21

Rank: 3
     1    -1     0     0    -4
    -1     2    -1     0     6
     0    -1     2    -1    -1
     0     0    -1     1    -1
    -4     6    -1    -1    21

Rank: 3
     1    -1     0     0     4
    -1     2    -1     0    -6
     0    -1     2    -1     3
     0     0    -1     1    -1
     4    -6     3    -1    21

Rank: 3
     1    -1     0     0    -4
    -1     2    -1     0     2
     0    -1     2    -1     3
     0     0    -1     1    -1
    -4     2     3    -1    21

Rank: 3
     1    -1     0     0     2
    -1     2    -1     0    -6
     0    -1     2    -1     5
     0     0    -1     1    -1
     2    -6     5    -1    21

Rank: 3
     1    -1     0     0    -2
    -1     2    -1     0    -2
     0    -1     2    -1     5
     0     0    -1     1    -1
    -2    -2     5    -1    21

Rank: 3
     1    -1     0     0     2
    -1     2    -1     0     2
     0    -1     2    -1    -5
     0     0    -1     1     1
     2     2    -5     1    21

Rank: 3
     1    -1     0     0    -2
    -1     2    -1     0     6
     0    -1     2    -1    -5
     0     0    -1     1     1
    -2     6    -5     1    21

Rank: 3
     1    -1     0     0     4
    -1     2    -1     0    -2
     0    -1     2    -1    -3
     0     0    -1     1     1
     4    -2    -3     1    21

Rank: 3
     1    -1     0     0    -4
    -1     2    -1     0     6
     0    -1     2    -1    -3
     0     0    -1     1     1
    -4     6    -3     1    21

Rank: 3
     1    -1     0     0     4
    -1     2    -1     0    -6
     0    -1     2    -1     1
     0     0    -1     1     1
     4    -6     1     1    21

Rank: 3
     1    -1     0     0    -4
    -1     2    -1     0     2
     0    -1     2    -1     1
     0     0    -1     1     1
    -4     2     1     1    21

Rank: 3
     1    -1     0     0     2
    -1     2    -1     0    -6
     0    -1     2    -1     3
     0     0    -1     1     1
     2    -6     3     1    21

Rank: 3
     1    -1     0     0    -2
    -1     2    -1     0    -2
     0    -1     2    -1     3
     0     0    -1     1     1
    -2    -2     3     1    21

Rank: 3
     1    -1     0     0     1
    -1     2    -1     0     3
     0    -1     2    -1    -6
     0     0    -1     1     2
     1     3    -6     2    21

Rank: 3
     1    -1     0     0    -1
    -1     2    -1     0     5
     0    -1     2    -1    -6
     0     0    -1     1     2
    -1     5    -6     2    21

Rank: 3
     1    -1     0     0     4
    -1     2    -1     0    -3
     0    -1     2    -1    -3
     0     0    -1     1     2
     4    -3    -3     2    21

Rank: 3
     1    -1     0     0    -4
    -1     2    -1     0     5
     0    -1     2    -1    -3
     0     0    -1     1     2
    -4     5    -3     2    21

Rank: 3
     1    -1     0     0     4
    -1     2    -1     0    -5
     0    -1     2    -1    -1
     0     0    -1     1     2
     4    -5    -1     2    21

Rank: 3
     1    -1     0     0    -4
    -1     2    -1     0     3
     0    -1     2    -1    -1
     0     0    -1     1     2
    -4     3    -1     2    21

Rank: 3
     1    -1     0     0     1
    -1     2    -1     0    -5
     0    -1     2    -1     2
     0     0    -1     1     2
     1    -5     2     2    21

Rank: 3
     1    -1     0     0    -1
    -1     2    -1     0    -3
     0    -1     2    -1     2
     0     0    -1     1     2
    -1    -3     2     2    21

Rank: 3
     1    -1     0     0     1
    -1     2    -1     0     1
     0    -1     2    -1    -6
     0     0    -1     1     4
     1     1    -6     4    21

Rank: 3
     1    -1     0     0    -1
    -1     2    -1     0     3
     0    -1     2    -1    -6
     0     0    -1     1     4
    -1     3    -6     4    21

Rank: 3
     1    -1     0     0     2
    -1     2    -1     0    -1
     0    -1     2    -1    -5
     0     0    -1     1     4
     2    -1    -5     4    21

Rank: 3
     1    -1     0     0    -2
    -1     2    -1     0     3
     0    -1     2    -1    -5
     0     0    -1     1     4
    -2     3    -5     4    21

Rank: 3
     1    -1     0     0     2
    -1     2    -1     0    -3
     0    -1     2    -1    -3
     0     0    -1     1     4
     2    -3    -3     4    21

Rank: 3
     1    -1     0     0    -2
    -1     2    -1     0     1
     0    -1     2    -1    -3
     0     0    -1     1     4
    -2     1    -3     4    21

Rank: 3
     1    -1     0     0     1
    -1     2    -1     0    -3
     0    -1     2    -1    -2
     0     0    -1     1     4
     1    -3    -2     4    21

Rank: 3
     1    -1     0     0    -1
    -1     2    -1     0    -1
     0    -1     2    -1    -2
     0     0    -1     1     4
    -1    -1    -2     4    21

Rank: 3
     1    -1     0     0     3
    -1     2    -1     0    -1
     0    -1     2    -1     1
     0     0    -1     1    -3
     3    -1     1    -3    22

Rank: 3
     1    -1     0     0    -3
    -1     2    -1     0     5
     0    -1     2    -1     1
     0     0    -1     1    -3
    -3     5     1    -3    22

Rank: 3
     1    -1     0     0     3
    -1     2    -1     0    -5
     0    -1     2    -1     5
     0     0    -1     1    -3
     3    -5     5    -3    22

Rank: 3
     1    -1     0     0    -3
    -1     2    -1     0     1
     0    -1     2    -1     5
     0     0    -1     1    -3
    -3     1     5    -3    22

Rank: 3
     1    -1     0     0     2
    -1     2    -1     0    -5
     0    -1     2    -1     6
     0     0    -1     1    -3
     2    -5     6    -3    22

Rank: 3
     1    -1     0     0    -2
    -1     2    -1     0    -1
     0    -1     2    -1     6
     0     0    -1     1    -3
    -2    -1     6    -3    22

Rank: 3
     1    -1     0     0    -3
    -1     2    -1     0     6
     0    -1     2    -1    -1
     0     0    -1     1    -2
    -3     6    -1    -2    22

Rank: 3
     1    -1     0     0     3
    -1     2    -1     0    -6
     0    -1     2    -1     5
     0     0    -1     1    -2
     3    -6     5    -2    22

Rank: 3
     1    -1     0     0    -3
    -1     2    -1     0     6
     0    -1     2    -1    -5
     0     0    -1     1     2
    -3     6    -5     2    22

Rank: 3
     1    -1     0     0     3
    -1     2    -1     0    -6
     0    -1     2    -1     1
     0     0    -1     1     2
     3    -6     1     2    22

Rank: 3
     1    -1     0     0     2
    -1     2    -1     0     1
     0    -1     2    -1    -6
     0     0    -1     1     3
     2     1    -6     3    22

Rank: 3
     1    -1     0     0    -2
    -1     2    -1     0     5
     0    -1     2    -1    -6
     0     0    -1     1     3
    -2     5    -6     3    22

Rank: 3
     1    -1     0     0     3
    -1     2    -1     0    -1
     0    -1     2    -1    -5
     0     0    -1     1     3
     3    -1    -5     3    22

Rank: 3
     1    -1     0     0    -3
    -1     2    -1     0     5
     0    -1     2    -1    -5
     0     0    -1     1     3
    -3     5    -5     3    22

Rank: 3
     1    -1     0     0     3
    -1     2    -1     0    -5
     0    -1     2    -1    -1
     0     0    -1     1     3
     3    -5    -1     3    22

Rank: 3
     1    -1     0     0    -3
    -1     2    -1     0     1
     0    -1     2    -1    -1
     0     0    -1     1     3
    -3     1    -1     3    22

Rank: 3
     1    -1     0     0    -2
    -1     2    -1     0     4
     0    -1     2    -1     2
     0     0    -1     1    -4
    -2     4     2    -4    24

Rank: 3
     1    -1     0     0     2
    -1     2    -1     0    -4
     0    -1     2    -1     6
     0     0    -1     1    -4
     2    -4     6    -4    24

Rank: 3
     1    -1     0     0     2
    -1     2    -1     0     2
     0    -1     2    -1    -2
     0     0    -1     1    -2
     2     2    -2    -2    24

Rank: 3
     1    -1     0     0    -2
    -1     2    -1     0     6
     0    -1     2    -1    -2
     0     0    -1     1    -2
    -2     6    -2    -2    24

Rank: 3
     1    -1     0     0     4
    -1     2    -1     0    -6
     0    -1     2    -1     4
     0     0    -1     1    -2
     4    -6     4    -2    24

Rank: 3
     1    -1     0     0    -4
    -1     2    -1     0     2
     0    -1     2    -1     4
     0     0    -1     1    -2
    -4     2     4    -2    24

Rank: 3
     1    -1     0     0     2
    -1     2    -1     0    -6
     0    -1     2    -1     6
     0     0    -1     1    -2
     2    -6     6    -2    24

Rank: 3
     1    -1     0     0    -2
    -1     2    -1     0    -2
     0    -1     2    -1     6
     0     0    -1     1    -2
    -2    -2     6    -2    24

Rank: 3
     1    -1     0     0     2
    -1     2    -1     0     2
     0    -1     2    -1    -6
     0     0    -1     1     2
     2     2    -6     2    24

Rank: 3
     1    -1     0     0    -2
    -1     2    -1     0     6
     0    -1     2    -1    -6
     0     0    -1     1     2
    -2     6    -6     2    24

Rank: 3
     1    -1     0     0     4
    -1     2    -1     0    -2
     0    -1     2    -1    -4
     0     0    -1     1     2
     4    -2    -4     2    24

Rank: 3
     1    -1     0     0    -4
    -1     2    -1     0     6
     0    -1     2    -1    -4
     0     0    -1     1     2
    -4     6    -4     2    24

Rank: 3
     1    -1     0     0     2
    -1     2    -1     0    -6
     0    -1     2    -1     2
     0     0    -1     1     2
     2    -6     2     2    24

Rank: 3
     1    -1     0     0    -2
    -1     2    -1     0    -2
     0    -1     2    -1     2
     0     0    -1     1     2
    -2    -2     2     2    24

Rank: 3
     1    -1     0     0    -2
    -1     2    -1     0     4
     0    -1     2    -1    -6
     0     0    -1     1     4
    -2     4    -6     4    24

Rank: 3
     1    -1     0     0     2
    -1     2    -1     0    -4
     0    -1     2    -1    -2
     0     0    -1     1     4
     2    -4    -2     4    24

Rank: 3
     1    -1     0     0     3
    -1     2    -1     0    -3
     0    -1     2    -1     4
     0     0    -1     1    -4
     3    -3     4    -4    25

Rank: 3
     1    -1     0     0    -3
    -1     2    -1     0     3
     0    -1     2    -1     4
     0     0    -1     1    -4
    -3     3     4    -4    25

Rank: 3
     1    -1     0     0     4
    -1     2    -1     0    -4
     0    -1     2    -1     3
     0     0    -1     1    -3
     4    -4     3    -3    25

Rank: 3
     1    -1     0     0    -4
    -1     2    -1     0     4
     0    -1     2    -1     3
     0     0    -1     1    -3
    -4     4     3    -3    25

Rank: 3
     1    -1     0     0     4
    -1     2    -1     0    -4
     0    -1     2    -1    -3
     0     0    -1     1     3
     4    -4    -3     3    25

Rank: 3
     1    -1     0     0    -4
    -1     2    -1     0     4
     0    -1     2    -1    -3
     0     0    -1     1     3
    -4     4    -3     3    25

Rank: 3
     1    -1     0     0     3
    -1     2    -1     0    -3
     0    -1     2    -1    -4
     0     0    -1     1     4
     3    -3    -4     4    25

Rank: 3
     1    -1     0     0    -3
    -1     2    -1     0     3
     0    -1     2    -1    -4
     0     0    -1     1     4
    -3     3    -4     4    25

Lngth: 288
