Rank: 3
     1    -1     0     0     1
    -1     2    -1     0    -1
     0    -1     2    -1     1
     0     0    -1     1    -1
     1    -1     1    -1     2

Rank: 3
     1    -1     0     0    -1
    -1     2    -1     0     1
     0    -1     2    -1     1
     0     0    -1     1    -1
    -1     1     1    -1     2

Rank: 3
     1    -1     0     0     1
    -1     2    -1     0    -1
     0    -1     2    -1    -1
     0     0    -1     1     1
     1    -1    -1     1     2

Rank: 3
     1    -1     0     0    -1
    -1     2    -1     0     1
     0    -1     2    -1    -1
     0     0    -1     1     1
    -1     1    -1     1     2

Rank: 3
     1    -1     0     0     1
    -1     2    -1     0    -2
     0    -1     2    -1     2
     0     0    -1     1    -1
     1    -2     2    -1     3

Rank: 3
     1    -1     0     0    -1
    -1     2    -1     0     2
     0    -1     2    -1    -2
     0     0    -1     1     1
    -1     2    -2     1     3

Rank: 3
     1    -1     0     0     1
    -1     2    -1     0    -1
     0    -1     2    -1     2
     0     0    -1     1    -2
     1    -1     2    -2     5

Rank: 3
     1    -1     0     0    -1
    -1     2    -1     0     1
     0    -1     2    -1     2
     0     0    -1     1    -2
    -1     1     2    -2     5

Rank: 3
     1    -1     0     0     2
    -1     2    -1     0    -2
     0    -1     2    -1     1
     0     0    -1     1    -1
     2    -2     1    -1     5

Rank: 3
     1    -1     0     0    -2
    -1     2    -1     0     2
     0    -1     2    -1     1
     0     0    -1     1    -1
    -2     2     1    -1     5

Rank: 3
     1    -1     0     0     2
    -1     2    -1     0    -2
     0    -1     2    -1    -1
     0     0    -1     1     1
     2    -2    -1     1     5

Rank: 3
     1    -1     0     0    -2
    -1     2    -1     0     2
     0    -1     2    -1    -1
     0     0    -1     1     1
    -2     2    -1     1     5

Rank: 3
     1    -1     0     0     1
    -1     2    -1     0    -1
     0    -1     2    -1    -2
     0     0    -1     1     2
     1    -1    -2     2     5

Rank: 3
     1    -1     0     0    -1
    -1     2    -1     0     1
     0    -1     2    -1    -2
     0     0    -1     1     2
    -1     1    -2     2     5

Rank: 3
     1    -1     0     0    -1
    -1     2    -1     0     2
     0    -1     2    -1     1
     0     0    -1     1    -2
    -1     2     1    -2     6

Rank: 3
     1    -1     0     0     1
    -1     2    -1     0    -2
     0    -1     2    -1     3
     0     0    -1     1    -2
     1    -2     3    -2     6

Rank: 3
     1    -1     0     0     1
    -1     2    -1     0     1
     0    -1     2    -1    -1
     0     0    -1     1    -1
     1     1    -1    -1     6

Rank: 3
     1    -1     0     0    -1
    -1     2    -1     0     3
     0    -1     2    -1    -1
     0     0    -1     1    -1
    -1     3    -1    -1     6

Rank: 3
     1    -1     0     0     2
    -1     2    -1     0    -3
     0    -1     2    -1     2
     0     0    -1     1    -1
     2    -3     2    -1     6

Rank: 3
     1    -1     0     0    -2
    -1     2    -1     0     1
     0    -1     2    -1     2
     0     0    -1     1    -1
    -2     1     2    -1     6

Rank: 3
     1    -1     0     0     1
    -1     2    -1     0    -3
     0    -1     2    -1     3
     0     0    -1     1    -1
     1    -3     3    -1     6

Rank: 3
     1    -1     0     0    -1
    -1     2    -1     0    -1
     0    -1     2    -1     3
     0     0    -1     1    -1
    -1    -1     3    -1     6

Rank: 3
     1    -1     0     0     1
    -1     2    -1     0     1
     0    -1     2    -1    -3
     0     0    -1     1     1
     1     1    -3     1     6

Rank: 3
     1    -1     0     0    -1
    -1     2    -1     0     3
     0    -1     2    -1    -3
     0     0    -1     1     1
    -1     3    -3     1     6

Rank: 3
     1    -1     0     0     2
    -1     2    -1     0    -1
     0    -1     2    -1    -2
     0     0    -1     1     1
     2    -1    -2     1     6

Rank: 3
     1    -1     0     0    -2
    -1     2    -1     0     3
     0    -1     2    -1    -2
     0     0    -1     1     1
    -2     3    -2     1     6

Rank: 3
     1    -1     0     0     1
    -1     2    -1     0    -3
     0    -1     2    -1     1
     0     0    -1     1     1
     1    -3     1     1     6

Rank: 3
     1    -1     0     0    -1
    -1     2    -1     0    -1
     0    -1     2    -1     1
     0     0    -1     1     1
    -1    -1     1     1     6

Rank: 3
     1    -1     0     0    -1
    -1     2    -1     0     2
     0    -1     2    -1    -3
     0     0    -1     1     2
    -1     2    -3     2     6

Rank: 3
     1    -1     0     0     1
    -1     2    -1     0    -2
     0    -1     2    -1    -1
     0     0    -1     1     2
     1    -2    -1     2     6

Lngth: 30
